0.03853844106197357 0.02150455303490162
0.031459081918001175 0.03577806055545807
0.03506334125995636 0.027544276788830757
0.0311552956700325 0.025941018015146255
0.03898344933986664 0.022417591884732246
0.046004071831703186 0.020528996363282204
0.055848315358161926 0.014808550477027893
0.05745990574359894 0.01467845682054758
0.05039972811937332 0.013798503205180168
0.05567797273397446 0.013485097326338291
0.054948776960372925 0.01723935268819332
0.04970976710319519 0.022658491507172585
0.045558422803878784 0.02814375050365925
0.036911673843860626 0.030882885679602623
0.03968198224902153 0.03507579118013382
0.039631567895412445 0.03752855211496353
0.038404546678066254 0.04842168092727661
0.03246590495109558 0.038429856300354004
0.03316372260451317 0.038963817059993744
0.03489157557487488 0.047015026211738586
0.03854980692267418 0.03627452254295349
0.0381346195936203 0.03851465880870819
0.0370015986263752 0.03592607378959656
0.03210773691534996 0.04109834134578705
0.03607391566038132 0.03614363819360733
0.028197914361953735 0.036263659596443176
0.03164378181099892 0.02403767593204975
0.031583089381456375 0.028318384662270546
0.033580102026462555 0.031057793647050858
0.029445677995681763 0.0421002134680748
0.033680759370326996 0.024215340614318848
0.031073853373527527 0.02857157774269581
0.02810279279947281 0.031578920781612396
0.03019651025533676 0.029042357578873634
0.04105339199304581 0.022659456357359886
0.038524046540260315 0.02529158443212509
0.03861068934202194 0.028254033997654915
0.04099737107753754 0.027547944337129593
0.03719113767147064 0.02408742904663086
0.03547234088182449 0.025284625589847565
0.03823881223797798 0.03187689185142517
0.03797417879104614 0.036728642880916595
0.03339240700006485 0.04473120719194412
0.03335542976856232 0.04471737891435623
0.031583353877067566 0.045756369829177856
0.031984101980924606 0.04567889869213104
0.031842686235904694 0.047596275806427
0.02536974847316742 0.04880145192146301
0.02993643283843994 0.04663265496492386
0.029113486409187317 0.04886438697576523
0.027195356786251068 0.044917359948158264
0.028607003390789032 0.048832520842552185
0.02919767051935196 0.049452684819698334
0.031485237181186676 0.04591970145702362
0.031844671815633774 0.05000673979520798
0.02937273681163788 0.05137932300567627
0.03415753319859505 0.05111777037382126
0.03165678679943085 0.05217347294092178
0.03385677933692932 0.05458459258079529
0.03052584081888199 0.05499847233295441
0.035210344940423965 0.0524681955575943
0.037096355110406876 0.0441991463303566
0.031998321413993835 0.058639250695705414
0.0331992506980896 0.0499810129404068
0.034146666526794434 0.056398048996925354
0.03426358848810196 0.05376284569501877
0.03203963488340378 0.053916096687316895
0.034654274582862854 0.047853462398052216
0.03331959247589111 0.05132339894771576
0.034412819892168045 0.04986423999071121
0.03416161611676216 0.059050463140010834
0.03164030611515045 0.05189703404903412
0.03463964909315109 0.04630096256732941
0.0315074697136879 0.04605570435523987
0.03660190477967262 0.0522046834230423
0.0353965237736702 0.05309857428073883
0.03561997413635254 0.0403478667140007
0.03751556575298309 0.043144591152668
0.036103520542383194 0.037479549646377563
0.03770042955875397 0.038326941430568695
0.04189146310091019 0.03939276188611984
0.039522115141153336 0.036962270736694336
0.040863409638404846 0.039238668978214264
0.03715033829212189 0.03485800325870514
0.0373837947845459 0.03822120279073715
0.034283123910427094 0.04303792119026184
0.03354209288954735 0.04161340743303299
0.03568936884403229 0.041108787059783936
0.03587525337934494 0.03743395209312439
0.03443858027458191 0.03785087168216705
0.03458099067211151 0.03644172102212906
0.03690893575549126 0.03871279954910278
0.03763369843363762 0.036073796451091766
0.03527011349797249 0.040875740349292755
0.03351130336523056 0.0421353355050087
0.038019441068172455 0.038706615567207336
0.03615619242191315 0.04172831028699875
0.0374646820127964 0.037426821887493134
0.03989148885011673 0.037482596933841705
0.03431794047355652 0.03425966203212738
0.03764742985367775 0.03456732630729675
0.038657352328300476 0.03494730591773987
0.03602248430252075 0.038609638810157776
0.0397602804005146 0.03806610405445099
0.03852774575352669 0.03485989570617676
0.04047013074159622 0.035458244383335114
0.03689343482255936 0.03586319088935852
0.037200309336185455 0.03987836837768555
0.03666040673851967 0.03803630173206329
0.03660187870264053 0.03680141270160675
0.03684220463037491 0.035802483558654785
0.03622708469629288 0.03534472733736038
0.03726574406027794 0.03650178015232086
0.03837217390537262 0.032130032777786255
0.03642179071903229 0.03270904719829559
0.03809672221541405 0.029874136671423912
0.038366515189409256 0.029935264959931374
0.03794655203819275 0.028704894706606865
0.042377717792987823 0.03118356131017208
0.036489181220531464 0.03203467279672623
0.03659171611070633 0.032868392765522
0.03474290296435356 0.028438232839107513
0.03552956134080887 0.029342470690608025
0.03614877536892891 0.03052693046629429
0.03846629709005356 0.03363233059644699
0.0379120334982872 0.0316590890288353
0.03796431049704552 0.033771201968193054
0.040120966732501984 0.02963765151798725
0.03608996048569679 0.029394138604402542
0.034628406167030334 0.03482945263385773
0.03557545319199562 0.030742885544896126
0.035688772797584534 0.03418538719415665
0.03757316619157791 0.03238137811422348
0.039369918406009674 0.03822720795869827
0.037692777812480927 0.03460601717233658
0.03664223849773407 0.03171227127313614
0.0402979850769043 0.040080875158309937
0.03744322061538696 0.03330942243337631
0.03939802199602127 0.03564118593931198
0.03743524104356766 0.04178069531917572
0.03655380383133888 0.03564264625310898
0.03765092045068741 0.03423309326171875
0.03946981206536293 0.04414517432451248
0.036104995757341385 0.0337437242269516
0.038108401000499725 0.04058951884508133
0.03903869539499283 0.031330592930316925
0.037448152899742126 0.03689198195934296
0.03783249109983444 0.036396145820617676
0.035645242780447006 0.030512740835547447
0.03888842463493347 0.028979528695344925
0.03635137155652046 0.03820935636758804
0.03438885509967804 0.03260328620672226
0.03482787311077118 0.03289300203323364
0.036639828234910965 0.03983735293149948
0.0398440808057785 0.036483779549598694
0.03873094171285629 0.032448187470436096
0.03865865245461464 0.04126167297363281
0.038853395730257034 0.03518299013376236
0.037662919610738754 0.032876111567020416
0.039302028715610504 0.03516806662082672
0.0376221165060997 0.03154107928276062
0.038901954889297485 0.03978804498910904
0.03770260140299797 0.03164677321910858
0.04070611298084259 0.0355878546833992
0.039049286395311356 0.03365495800971985
0.03818215802311897 0.03438708186149597
0.03984907269477844 0.03402390331029892
0.036351464688777924 0.035178638994693756
0.03783870115876198 0.033662013709545135
0.042414240539073944 0.034338995814323425
0.037134185433387756 0.03884048014879227
0.03661104291677475 0.034138232469558716
0.03712436929345131 0.0325000062584877
0.041938651353120804 0.03317810595035553
0.03581749647855759 0.038782574236392975
0.04090707376599312 0.0365116149187088
0.03846561163663864 0.03906029462814331
0.04041600972414017 0.03380148112773895
0.04227125644683838 0.0321008637547493
0.040590543299913406 0.03533454239368439
0.039487723261117935 0.03324154019355774
0.03899750858545303 0.034593790769577026
0.03620638698339462 0.03919112682342529
0.037966951727867126 0.038004010915756226
0.039172083139419556 0.03568749129772186
0.03831201046705246 0.037981823086738586
0.038552138954401016 0.0331437885761261
0.03843088448047638 0.03597693890333176
0.03740870580077171 0.03561147302389145
0.0372994989156723 0.04004921764135361
0.034774407744407654 0.03435835242271423
0.03494180738925934 0.03404064476490021
0.03943396359682083 0.03333703428506851
0.03777990862727165 0.03396138548851013
0.04209968447685242 0.031903646886348724
0.03622272610664368 0.037482671439647675
0.036690715700387955 0.03461833298206329
0.0367218554019928 0.031485237181186676
0.038028061389923096 0.030956873670220375
0.0361645333468914 0.03191448748111725
0.03870616853237152 0.03150252252817154
0.03943530097603798 0.034786567091941833
0.04154370725154877 0.03449293226003647
0.03734439238905907 0.0334489569067955
0.0436965674161911 0.03326912224292755
0.03996481001377106 0.03363141417503357
0.039486680179834366 0.03757794201374054
0.03714964538812637 0.03571612387895584
0.03896461799740791 0.030560186132788658
0.04070200398564339 0.03541531413793564
0.040423694998025894 0.033623285591602325
0.04127535969018936 0.03223201632499695
0.039396777749061584 0.0352100133895874
0.039035819470882416 0.03215203434228897
0.04066547006368637 0.03248703479766846
0.0393819697201252 0.03761699050664902
0.04071144387125969 0.03484056890010834
0.03856601566076279 0.03720130771398544
0.03930051252245903 0.04281166195869446
0.043860454112291336 0.037258997559547424
0.040647268295288086 0.03684762865304947
0.03869171440601349 0.03767719119787216
0.038034841418266296 0.0364011749625206
0.03873201459646225 0.03898186236619949
0.038942836225032806 0.03856445848941803
0.03896937891840935 0.037459127604961395
0.03634146228432655 0.036157459020614624
0.03895162418484688 0.03744696080684662
0.041618335992097855 0.04333936423063278
0.038889575749635696 0.0428389236330986
0.03622767701745033 0.041977107524871826
0.03835327923297882 0.043407924473285675
0.03776989132165909 0.041014447808265686
0.0405639111995697 0.03735986351966858
0.040080003440380096 0.0450281947851181
0.036040227860212326 0.03631321340799332
0.036918796598911285 0.03780597448348999
0.03969591110944748 0.03919098526239395
0.03833971917629242 0.04387150704860687
0.040112048387527466 0.03444266319274902
0.036455780267715454 0.0387832373380661
0.04112159460783005 0.04340188205242157
0.03709179908037186 0.03717823326587677
0.03691396489739418 0.03897380828857422
0.036148011684417725 0.03686481714248657
0.03696024790406227 0.04006469249725342
0.037230122834444046 0.03621125966310501
0.038559023290872574 0.0351925790309906
0.04158484935760498 0.03705531358718872
0.03899586945772171 0.03576097637414932
0.040690209716558456 0.03575911372900009
0.042103562504053116 0.03356889635324478
0.04006990045309067 0.036912210285663605
0.03989502042531967 0.040014706552028656
0.042059656232595444 0.04030214250087738
0.04121611267328262 0.03433726727962494
0.03635222464799881 0.040441036224365234
0.04047156125307083 0.03552078455686569
0.03708163648843765 0.03273828327655792
0.04082776978611946 0.03306196630001068
0.04409268498420715 0.03917617350816727
0.041550006717443466 0.04246387630701065
0.04435410350561142 0.03740060329437256
0.04210658371448517 0.03800410032272339
0.040607307106256485 0.03338933736085892
0.04134011268615723 0.03699802607297897
0.044300101697444916 0.03406761586666107
0.03922181576490402 0.040329426527023315
0.040235988795757294 0.03878388553857803
0.03759874030947685 0.045309022068977356
0.042305827140808105 0.03728509694337845
0.04122697561979294 0.04708366096019745
0.03876013308763504 0.041412897408008575
0.03598925843834877 0.04771069437265396
0.040529411286115646 0.04275846481323242
0.04056580364704132 0.04473291337490082
0.03798342123627663 0.047228582203388214
0.03761358559131622 0.042657338082790375
0.036913301795721054 0.05137498676776886
0.038264624774456024 0.03618090599775314
0.03600506857037544 0.03580653667449951
0.03795161098241806 0.03258062154054642
0.036596812307834625 0.0446586012840271
0.040191400796175 0.037274815142154694
0.03933797404170036 0.03400648385286331
0.036759283393621445 0.05619611591100693
0.037852879613637924 0.04654628038406372
0.035931479185819626 0.0503753200173378
0.036933768540620804 0.04284544289112091
0.03533552214503288 0.04698505997657776
0.03874519467353821 0.04310895502567291
0.03405793011188507 0.04933682829141617
0.03567726910114288 0.04385872185230255
0.03618699312210083 0.04738076776266098
0.03654914349317551 0.044088155031204224
0.03858363255858421 0.05457703024148941
0.0358804389834404 0.04560311138629913
0.04243868589401245 0.04083801805973053
0.037258218973875046 0.03836909681558609
0.03772539272904396 0.043798863887786865
0.03400562331080437 0.038988158106803894
0.03751813992857933 0.05257032811641693
0.03706018626689911 0.057250142097473145
0.03516952693462372 0.03749389201402664
0.037485379725694656 0.038145631551742554
0.03915724530816078 0.047120511531829834
0.03897737339138985 0.049449458718299866
0.03724279627203941 0.055724091827869415
0.037201669067144394 0.04870074242353439
0.038138315081596375 0.046977341175079346
0.037821412086486816 0.05140265077352524
0.03371959179639816 0.04021826386451721
0.03503041714429855 0.04476947337388992
0.03410167247056961 0.03905629366636276
0.035448309034109116 0.04354448616504669
0.0351361408829689 0.04521910101175308
0.036405883729457855 0.04177764803171158
0.039337433874607086 0.04298854619264603
0.03631240129470825 0.042792417109012604
0.038806576281785965 0.04380028694868088
0.038774266839027405 0.045559123158454895
0.03667984902858734 0.040771596133708954
0.03458942100405693 0.04775375872850418
0.033506788313388824 0.05596471577882767
0.0350891575217247 0.043803684413433075
0.03801782429218292 0.03976880759000778
0.0389053076505661 0.0413103923201561
0.038973428308963776 0.042854249477386475
0.03973682224750519 0.04226557910442352
0.037833571434020996 0.040016837418079376
0.03893667459487915 0.0428127720952034
0.03773557394742966 0.044788993895053864
0.038174133747816086 0.03822283446788788
0.03735831007361412 0.04661983251571655
0.037934184074401855 0.04289335012435913
0.0366663858294487 0.044992268085479736
0.036400943994522095 0.04573816806077957
0.03768771514296532 0.04230091720819473
0.036455973982810974 0.044108256697654724
0.03603048250079155 0.04059431701898575
0.03702259436249733 0.04466548562049866
0.03898023068904877 0.04218108206987381
0.0352335162460804 0.043473854660987854
0.036852020770311356 0.041954368352890015
0.036724649369716644 0.043896712362766266
0.03826185315847397 0.0365341380238533
0.03797866404056549 0.04656865447759628
0.03648224100470543 0.034003764390945435
0.03492579236626625 0.037009529769420624
0.03995995223522186 0.04014848172664642
0.037781648337841034 0.04184921085834503
0.0400811992585659 0.03724045306444168
0.03795396536588669 0.039673060178756714
0.037781972438097 0.03579751402139664
0.03954114019870758 0.036576204001903534
0.03615400567650795 0.03931953012943268
0.03680025413632393 0.044983550906181335
0.039039500057697296 0.041143856942653656
0.04075348377227783 0.0439419224858284
0.03890928253531456 0.03653060644865036
0.039343856275081635 0.03584311157464981
0.03768857941031456 0.040490105748176575
0.040185973048210144 0.03460918366909027
0.04121445119380951 0.03938848525285721
0.04014425724744797 0.035028569400310516
0.03874700888991356 0.04288052022457123
0.038167741149663925 0.036883458495140076
0.03716673702001572 0.04027823358774185
0.037572965025901794 0.04282480478286743
0.03799114003777504 0.04157933592796326
0.03710869699716568 0.03934067487716675
0.0414835587143898 0.04146844148635864
0.040788762271404266 0.047277942299842834
0.04004351794719696 0.03748331218957901
0.03654616326093674 0.042332522571086884
0.03660034015774727 0.04287710040807724
0.038900308310985565 0.04486290365457535
0.036230165511369705 0.04041992127895355
0.033298809081315994 0.048130810260772705
0.03417596593499184 0.04046754539012909
0.036000676453113556 0.04609783738851547
0.03621789813041687 0.04068148881196976
0.03758903592824936 0.04251810163259506
0.03905390948057175 0.04209624230861664
0.03818589448928833 0.0375145748257637
0.039987269788980484 0.036633871495723724
0.036176279187202454 0.04499388486146927
0.04045361280441284 0.04219594597816467
0.036793410778045654 0.04085572063922882
0.04003041237592697 0.034916117787361145
0.03749017417430878 0.03432188183069229
0.038879625499248505 0.03383224457502365
0.03899130970239639 0.036630190908908844
0.039293497800827026 0.04077094793319702
0.03829425945878029 0.03850731998682022
0.03689901530742645 0.04299330711364746
0.0350147970020771 0.042010508477687836
0.03590504825115204 0.04489448666572571
0.038627952337265015 0.03830093890428543
0.037446413189172745 0.039181433618068695
0.03760174289345741 0.03675210475921631
0.04108013957738876 0.034506335854530334
0.03698652610182762 0.03763841837644577
0.03823462128639221 0.03821650892496109
0.0395512580871582 0.03326769173145294
0.03921271115541458 0.04293273389339447
0.0396735817193985 0.048140451312065125
0.03942997008562088 0.04420023411512375
0.03927122801542282 0.04974288493394852
0.03777872025966644 0.04489928483963013
0.0382453128695488 0.052591487765312195
0.03952193260192871 0.05099884420633316
0.03980955109000206 0.0397382527589798
0.03922174125909805 0.044899702072143555
0.038236282765865326 0.04088407754898071
0.03827182576060295 0.03564523905515671
0.040142931044101715 0.03940736502408981
0.03923552483320236 0.03726872056722641
0.040088728070259094 0.04770901799201965
0.03736672177910805 0.042081840336322784
0.03700524941086769 0.04535976052284241
0.040033794939517975 0.04789627343416214
0.03932425007224083 0.04691207408905029
0.04030997306108475 0.042540982365608215
0.03414449095726013 0.04899592697620392
0.04201452061533928 0.03672432154417038
0.03783683478832245 0.03731779754161835
0.03877665847539902 0.051199376583099365
0.036634672433137894 0.0485600009560585
0.03833624720573425 0.03941301256418228
0.03878110647201538 0.04142007976770401
0.03976385295391083 0.036213114857673645
0.0383794903755188 0.04640915244817734
0.03892315924167633 0.043299295008182526
0.03880760073661804 0.043250396847724915
0.03707883507013321 0.04182489216327667
0.03410366177558899 0.04168737679719925
0.03529021143913269 0.04187967628240585
0.040211021900177 0.04092621058225632
0.03932749480009079 0.035515233874320984
0.03677774593234062 0.03374720364809036
0.036909718066453934 0.03836394101381302
0.04049975797533989 0.040997765958309174
0.03847738727927208 0.040854401886463165
0.03958989307284355 0.03927092254161835
0.0397331640124321 0.03309827297925949
0.03623931109905243 0.036174237728118896
0.03761658817529678 0.03329368680715561
0.0400322750210762 0.031244227662682533
0.04070625826716423 0.03252305090427399
0.040273137390613556 0.030859382823109627
0.043197326362133026 0.03332637995481491
0.04086199775338173 0.03159216046333313
0.03827324137091637 0.0353536531329155
0.03651580959558487 0.039370693266391754
0.03828597813844681 0.03702189028263092
0.03582951799035072 0.035390064120292664
0.03496578708291054 0.03774561733007431
0.04287271574139595 0.03659936040639877
0.0397392176091671 0.04242001473903656
0.0359097495675087 0.04872623085975647
0.03840043395757675 0.049021683633327484
0.037808891385793686 0.04802316427230835
0.037822067737579346 0.04220740497112274
0.0384318009018898 0.03997734189033508
0.036695681512355804 0.04088622331619263
0.038913294672966 0.042234867811203
0.03960840404033661 0.04927080124616623
0.04105335846543312 0.04011542350053787
0.03676357865333557 0.037041157484054565
0.04145440831780434 0.03751933574676514
0.042253486812114716 0.036777518689632416
0.04254110902547836 0.04013202339410782
0.040415145456790924 0.033814042806625366
0.037705812603235245 0.03999356925487518
0.040218379348516464 0.03581823408603668
0.04316870868206024 0.03724975883960724
0.038580797612667084 0.03860381990671158
0.040022581815719604 0.03767292946577072
0.04061829671263695 0.03354370594024658
0.03827937692403793 0.0328749418258667
0.04105765372514725 0.032776229083538055
0.03804349899291992 0.04878199100494385
0.03951425105333328 0.03773559629917145
0.03867115452885628 0.04128093272447586
0.037260983139276505 0.03212466835975647
0.037615418434143066 0.033159300684928894
0.039685286581516266 0.03814276307821274
0.03862283006310463 0.03687146306037903
0.03676823899149895 0.03976742923259735
0.03714688867330551 0.03923064470291138
0.03845366835594177 0.035863056778907776
0.03941820561885834 0.04176201671361923
0.03931228443980217 0.03668487071990967
0.03876027092337608 0.043388329446315765
0.041320331394672394 0.04315800219774246
0.03800906613469124 0.04073064774274826
0.03868616744875908 0.0388810858130455
0.039489004760980606 0.03839641064405441
0.037642594426870346 0.043085455894470215
0.040376871824264526 0.036527156829833984
0.03642427176237106 0.03996734321117401
0.035785455256700516 0.04384356737136841
0.03648506477475166 0.04721153527498245
0.03639817610383034 0.03870100528001785
0.037643540650606155 0.04461552947759628
0.03950757160782814 0.04313149303197861
0.03536637872457504 0.04405996948480606
0.03812907636165619 0.04145417362451553
0.03834041208028793 0.04570441693067551
0.03636631742119789 0.05223818123340607
0.03571506589651108 0.0433695912361145
0.03658965229988098 0.044155366718769073
0.037068143486976624 0.03340877592563629
0.03736121580004692 0.036184363067150116
0.04103006795048714 0.03491102159023285
0.03703312203288078 0.042414963245391846
0.03845830261707306 0.03721360117197037
0.03612494096159935 0.04575950652360916
0.038771748542785645 0.04709295928478241
0.035931363701820374 0.03972963988780975
0.03777742385864258 0.051597803831100464
0.03654344379901886 0.039010025560855865
0.040238820016384125 0.03079461120069027
0.04193376004695892 0.04156365245580673
0.041069306433200836 0.03123442828655243
0.05255410075187683 0.019858477637171745
0.049030423164367676 0.021284138783812523
0.053054533898830414 0.019096920266747475
0.051329322159290314 0.019136527553200722
0.04716944694519043 0.021057268604636192
0.043104179203510284 0.0304860956966877
0.05475326627492905 0.021433698013424873
0.050946444272994995 0.027030982077121735
0.04922965168952942 0.031221212819218636
0.04459894448518753 0.035387009382247925
0.04611310362815857 0.03931319713592529
0.04528437554836273 0.03979901969432831
0.042129047214984894 0.04235929250717163
0.035330723971128464 0.044862084090709686
0.039168231189250946 0.04141084849834442
0.04205964505672455 0.04099562019109726
0.039900749921798706 0.03840711712837219
0.0378558412194252 0.04482213407754898
0.03459051623940468 0.043823279440402985
0.03698333725333214 0.04193659871816635
0.032811325043439865 0.04559049755334854
0.034897953271865845 0.04255669564008713
0.037005603313446045 0.04169081151485443
0.034469809383153915 0.04451969265937805
0.03305361047387123 0.0428684800863266
0.03642794489860535 0.043211519718170166
0.03742881491780281 0.042850345373153687
0.0363665372133255 0.0419541671872139
0.03754463046789169 0.0415615439414978
0.03675144165754318 0.046289101243019104
0.036189500242471695 0.04152429848909378
0.03610753268003464 0.04367288202047348
0.03497512638568878 0.0429215282201767
0.0353207066655159 0.04615263640880585
0.035300612449645996 0.044978730380535126
0.033160917460918427 0.047649793326854706
0.03639271855354309 0.040765516459941864
0.034955400973558426 0.03990929573774338
0.03685716539621353 0.04098641872406006
0.03533495217561722 0.03925140202045441
0.03339822590351105 0.03964339196681976
0.038039430975914 0.03994821012020111
0.03414206951856613 0.047840364277362823
0.037365879863500595 0.044935353100299835
0.04068955034017563 0.04755580425262451
0.03676751255989075 0.041635915637016296
0.03576603904366493 0.043423861265182495
0.03475940227508545 0.038089193403720856
0.03849238157272339 0.043366990983486176
0.036217160522937775 0.05012831836938858
0.03506315499544144 0.03737091273069382
0.037635646760463715 0.038232311606407166
0.03668664023280144 0.035814158618450165
0.03417341411113739 0.04072902351617813
0.04098842665553093 0.035795994102954865
0.044349636882543564 0.038111306726932526
0.03809212148189545 0.03880462050437927
0.036783408373594284 0.03820645809173584
0.03734557330608368 0.03611227124929428
0.03980466350913048 0.03273508697748184
0.03852388262748718 0.0397055447101593
0.037046387791633606 0.03822056204080582
0.0388304702937603 0.036277174949645996
0.039065372198820114 0.03808323293924332
0.03556518256664276 0.03842216730117798
0.03723397105932236 0.04494868963956833
0.03727998957037926 0.0463925376534462
0.03603409230709076 0.03900633007287979
0.035023801028728485 0.04150455445051193
0.03741311654448509 0.03896340727806091
0.03776920586824417 0.04097076505422592
0.03643973916769028 0.039654701948165894
0.037296973168849945 0.048165276646614075
0.03693453222513199 0.041699737310409546
0.03818526118993759 0.037836186587810516
0.04050244018435478 0.03271762281656265
0.03734822943806648 0.04044291377067566
0.03780926764011383 0.03875424712896347
0.03960719704627991 0.037037529051303864
0.0419614277780056 0.032006971538066864
0.04022748023271561 0.03405190259218216
0.03755021095275879 0.03065047226846218
0.03766201436519623 0.03191840648651123
0.03935015946626663 0.03241562098264694
0.03547361493110657 0.032556772232055664
0.038474537432193756 0.03235600143671036
0.03371041268110275 0.04127759486436844
0.034045349806547165 0.03303809463977814
0.03566662222146988 0.032944343984127045
0.04087050259113312 0.040095001459121704
0.04110455513000488 0.04135267436504364
0.03696552664041519 0.043815769255161285
0.039705462753772736 0.031010182574391365
0.03927379101514816 0.03349274396896362
0.03755947947502136 0.032449185848236084
0.03394722938537598 0.03228866308927536
0.03790823370218277 0.03185656666755676
0.034253403544425964 0.033529482781887054
0.03947478532791138 0.03817467391490936
0.035507455468177795 0.056199029088020325
0.03647509589791298 0.031822726130485535
0.03757502883672714 0.04926448315382004
0.03592415153980255 0.044612713158130646
0.03362543135881424 0.042148739099502563
0.035954397171735764 0.04017793387174606
0.03899538516998291 0.04111932963132858
0.0365629643201828 0.038109660148620605
0.03625181317329407 0.04376008361577988
0.035401806235313416 0.04099716991186142
0.03815758228302002 0.03955145180225372
0.03725196421146393 0.04100949317216873
0.03606750816106796 0.04443562030792236
0.03408980369567871 0.05130699276924133
0.041993603110313416 0.03636159747838974
0.038912683725357056 0.04762319475412369
0.035676296800374985 0.04278731346130371
0.03455013781785965 0.05167654901742935
0.03874470293521881 0.04542802274227142
0.033685509115457535 0.05003040283918381
0.03492843359708786 0.04650002717971802
0.03551916405558586 0.04791498929262161
0.03171448037028313 0.054238416254520416
0.0348278246819973 0.045440442860126495
0.034454524517059326 0.047185637056827545
0.034475281834602356 0.04987981170415878
0.0338362418115139 0.04897617548704147
0.03709935396909714 0.049486540257930756
0.03487718850374222 0.04986197501420975
0.03605378419160843 0.05312693119049072
0.03755407780408859 0.04705216735601425
0.031820427626371384 0.051800020039081573
0.03158010169863701 0.048696696758270264
0.0333864651620388 0.0509893000125885
0.03180938586592674 0.050244882702827454
0.03390442952513695 0.04747077822685242
0.033767636865377426 0.051634110510349274
0.03228820860385895 0.04900322109460831
0.031735025346279144 0.05536847561597824
0.030734233558177948 0.04968062788248062
0.03088221698999405 0.051484398543834686
0.028814900666475296 0.052686937153339386
0.03142577037215233 0.05361802130937576
0.03314346820116043 0.050437137484550476
0.032520633190870285 0.0489673912525177
0.03270849585533142 0.04661820828914642
0.032924581319093704 0.04420154541730881
0.030711110681295395 0.046455733478069305
0.031926773488521576 0.04866056144237518
0.03311406075954437 0.05167678743600845
0.032758407294750214 0.04760941118001938
0.03104788064956665 0.05019600689411163
0.03125184401869774 0.05333379656076431
0.036140017211437225 0.04932142794132233
0.029415123164653778 0.04793235659599304
0.028622232377529144 0.04834068566560745
0.034962963312864304 0.048657387495040894
0.0335778184235096 0.05162949115037918
0.0338737852871418 0.0471787303686142
0.033080652356147766 0.045289523899555206
0.03226239234209061 0.04748879373073578
0.03508458659052849 0.050689928233623505
0.035197168588638306 0.05072537809610367
0.03243950754404068 0.04466937482357025
0.031553685665130615 0.048165641725063324
0.031221657991409302 0.046426720917224884
0.03110983967781067 0.05712109059095383
0.03050578013062477 0.056583888828754425
0.03179514408111572 0.04879605025053024
0.029452722519636154 0.05600631237030029
0.028886694461107254 0.05057081580162048
0.032476793974637985 0.05233031511306763
0.031760647892951965 0.052675746381282806
0.028749965131282806 0.05415109544992447
0.03260887414216995 0.052273623645305634
0.03411879390478134 0.052853479981422424
0.03030320256948471 0.05130902677774429
0.03356470912694931 0.05489163100719452
0.03363857418298721 0.050857268273830414
0.03485998511314392 0.05035902559757233
0.03339127451181412 0.0511806458234787
0.033697739243507385 0.053983256220817566
0.032119348645210266 0.05177384614944458
0.03240549564361572 0.05060512572526932
0.035757310688495636 0.05277884751558304
0.03239108994603157 0.05276042968034744
0.030527859926223755 0.05236745625734329
0.028695933520793915 0.053756460547447205
0.03014533221721649 0.056467458605766296
0.03148287162184715 0.05532584339380264
0.030364766716957092 0.05258174240589142
0.03086402267217636 0.05588587373495102
0.03035370633006096 0.054956600069999695
0.03055177628993988 0.052009567618370056
0.03005092218518257 0.05205037444829941
0.030148908495903015 0.05647772550582886
0.034218840301036835 0.05601136386394501
0.02990623563528061 0.05627194046974182
0.032200537621974945 0.056042224168777466
0.03245505690574646 0.05198688060045242
0.03584776073694229 0.059082403779029846
0.032299309968948364 0.06122181564569473
0.031730081886053085 0.06122252345085144
0.03168381378054619 0.06424284726381302
0.03009679913520813 0.05746413767337799
0.030851133167743683 0.05828588455915451
0.030462831258773804 0.053551316261291504
0.03184650465846062 0.051671065390110016
0.029229216277599335 0.04943956434726715
0.0315018892288208 0.049580447375774384
0.030494123697280884 0.050835080444812775
0.031682878732681274 0.05259103327989578
0.03423973172903061 0.051030099391937256
0.032000429928302765 0.05352586507797241
0.029706548899412155 0.04808107763528824
0.031790800392627716 0.05021259933710098
0.02992350235581398 0.05007341504096985
0.031287647783756256 0.05544488877058029
0.03329741954803467 0.048195287585258484
0.03314443677663803 0.04891054332256317
0.032809779047966 0.050271667540073395
0.03535333648324013 0.04952692240476608
0.03301012143492699 0.0500105544924736
0.0292610265314579 0.04822136461734772
0.03171500563621521 0.049739956855773926
0.03333473578095436 0.05434291809797287
0.03125594183802605 0.04639923572540283
0.031604692339897156 0.04425197094678879
0.028496526181697845 0.047608859837055206
0.028679851442575455 0.04535850137472153
0.029451429843902588 0.05339335650205612
0.030156143009662628 0.04934954643249512
0.031509879976511 0.05102839320898056
0.028288282454013824 0.05166545510292053
0.028612889349460602 0.050836607813835144
0.027630213648080826 0.048972196877002716
0.031196758151054382 0.042452938854694366
0.029833931475877762 0.051815517246723175
0.030831094831228256 0.04927234351634979
0.03320026025176048 0.0456567108631134
0.03117978945374489 0.04648921638727188
0.03207011893391609 0.047581493854522705
0.02968640625476837 0.038388773798942566
0.03334292769432068 0.036983028054237366
0.034747540950775146 0.04916328936815262
0.0362989716231823 0.03312653303146362
0.033479366451501846 0.045341260731220245
0.03447246551513672 0.07048212736845016
0.036388788372278214 0.04236709326505661
0.037423040717840195 0.03252878040075302
0.035784799605607986 0.03625473380088806
0.03807254135608673 0.03131185472011566
0.030407585203647614 0.042859748005867004
0.02975234016776085 0.041453875601291656
0.03275856375694275 0.04355279356241226
0.02937890589237213 0.03502762317657471
0.03460469841957092 0.030412128195166588
0.03667258843779564 0.031219100579619408
0.03353191912174225 0.03717076778411865
0.031974125653505325 0.03658750653266907
0.03505361080169678 0.031924404203891754
0.03521484136581421 0.03496570885181427
0.0301007479429245 0.035357795655727386
0.030806392431259155 0.030770903453230858
0.029734838753938675 0.03493130952119827
0.03248973935842514 0.039125844836235046
0.02998673915863037 0.040320463478565216
0.030185572803020477 0.041106440126895905
0.03050415962934494 0.03994941711425781
0.026436567306518555 0.04441026598215103
0.02865731716156006 0.044724270701408386
0.0348549447953701 0.04481685161590576
0.03315477818250656 0.04693078249692917
0.030511751770973206 0.05288401246070862
0.03417889028787613 0.05237681418657303
0.030903350561857224 0.049020566046237946
0.03259868174791336 0.047580644488334656
0.03799351304769516 0.041801244020462036
0.03212018311023712 0.04188186675310135
0.03148936852812767 0.046944938600063324
0.029325857758522034 0.046614065766334534
0.02831198275089264 0.04985484480857849
0.029142115265130997 0.04984675347805023
0.028064005076885223 0.047779329121112823
0.02795865386724472 0.048200078308582306
0.027705833315849304 0.0423654243350029
0.028261955827474594 0.04988771677017212
0.029601752758026123 0.042774707078933716
0.026438862085342407 0.04653993248939514
0.03183017671108246 0.04591115564107895
0.030734099447727203 0.04606954753398895
0.029602721333503723 0.0438414067029953
0.02696651965379715 0.04541575163602829
0.0314151905477047 0.04603337496519089
0.028268765658140182 0.0477340891957283
0.028223998844623566 0.050688162446022034
0.029838521033525467 0.04809672385454178
0.0314706414937973 0.049000345170497894
0.02857907861471176 0.04775940626859665
0.030055195093154907 0.045595020055770874
0.029623113572597504 0.05326331406831741
0.028385747224092484 0.045928068459033966
0.024633117020130157 0.051750555634498596
0.027963370084762573 0.05843295156955719
0.02533159777522087 0.05077865719795227
0.02632325515151024 0.04672639071941376
0.02746402844786644 0.05197855830192566
0.026580043137073517 0.05098898708820343
0.031230945140123367 0.05861666053533554
0.029985297471284866 0.04482920467853546
0.028687946498394012 0.049765534698963165
0.031941745430231094 0.04437892884016037
0.031535957008600235 0.03886135667562485
0.027221236377954483 0.034318797290325165
0.031104374676942825 0.038391754031181335
0.030642610043287277 0.04322197288274765
0.032102953642606735 0.048934876918792725
0.030130017548799515 0.04656728357076645
0.03121216595172882 0.04758699983358383
0.03161022439599037 0.04921920597553253
0.03210275620222092 0.04997703433036804
0.031136415898799896 0.062186919152736664
0.03126253932714462 0.056972816586494446
0.0312189944088459 0.04800187796354294
0.030949655920267105 0.060041531920433044
0.03101443499326706 0.05621475726366043
0.030146125704050064 0.05807652324438095
0.03134717792272568 0.05955833941698074
0.0333871990442276 0.04942580312490463
0.034435637295246124 0.0521949827671051
0.033901311457157135 0.05539073795080185
0.032805852591991425 0.05225104093551636
0.033573541790246964 0.05451718717813492
0.031331367790699005 0.05649644881486893
0.03004346415400505 0.05285850167274475
0.032687149941921234 0.05872781574726105
0.03291697800159454 0.059398993849754333
0.03423703461885452 0.04912076145410538
0.0329819917678833 0.04659003019332886
0.03203485161066055 0.04675305634737015
0.034855667501688004 0.05690053105354309
0.03446924313902855 0.0624585896730423
0.03182182088494301 0.05198536813259125
0.03329353779554367 0.060178615152835846
0.030969731509685516 0.05068375915288925
0.030514132231473923 0.04697802662849426
0.0343439094722271 0.06263072043657303
0.032523270696401596 0.05258200317621231
0.031956568360328674 0.05254533886909485
0.035182975232601166 0.05209657549858093
0.03236500918865204 0.04997241497039795
0.03281761705875397 0.057147420942783356
0.03393615782260895 0.052027300000190735
0.03240729123353958 0.059865616261959076
0.03273665904998779 0.04090286046266556
0.0335545651614666 0.056247517466545105
0.03400455787777901 0.05719699710607529
0.03280974179506302 0.05680597573518753
0.03217726945877075 0.05642610788345337
0.03356103599071503 0.051189422607421875
0.03446852043271065 0.051243118941783905
0.035212237387895584 0.0527215301990509
0.030609875917434692 0.05662856996059418
0.03433339670300484 0.054593801498413086
0.03346285596489906 0.05221854895353317
0.033045440912246704 0.048268795013427734
0.03451714292168617 0.04448191821575165
0.03550875931978226 0.05450667440891266
0.03632287681102753 0.05453982949256897
0.03384825959801674 0.053811050951480865
0.03658953309059143 0.04924719035625458
0.0334174819290638 0.04706225544214249
0.03638913109898567 0.047615937888622284
0.03400454670190811 0.061181724071502686
0.03178505226969719 0.0483262836933136
0.03495251014828682 0.04381471872329712
0.031982310116291046 0.05975653976202011
0.03412674739956856 0.05249788612127304
0.033421870321035385 0.05305007845163345
0.03659173101186752 0.043110914528369904
0.03331255912780762 0.04041051119565964
0.03660073131322861 0.04430815577507019
0.03312193602323532 0.054032690823078156
0.03251081705093384 0.055977389216423035
0.034751877188682556 0.041630253195762634
0.03457305207848549 0.044697970151901245
0.031935397535562515 0.04297048598527908
0.03510429710149765 0.06367902457714081
0.03364710509777069 0.05229337513446808
0.03458806499838829 0.056611403822898865
0.03437511622905731 0.045368365943431854
0.032555822283029556 0.051896944642066956
0.03363031521439552 0.052316226065158844
0.03216969594359398 0.058882586658000946
0.03307197988033295 0.05437794327735901
0.03381868451833725 0.06389676779508591
0.03381500393152237 0.045789383351802826
0.030501198023557663 0.06254523992538452
0.03064005821943283 0.05125075578689575
0.03333427011966705 0.04367944598197937
0.03663181513547897 0.07300364226102829
0.033410340547561646 0.04701036214828491
0.03259801119565964 0.039334408938884735
0.030009519308805466 0.03960101306438446
0.03357154130935669 0.03922189027070999
0.03580957278609276 0.03525745868682861
0.030618388205766678 0.03714870661497116
0.03417898714542389 0.03666432946920395
0.0352788120508194 0.03802349418401718
0.034179143607616425 0.03895436227321625
0.03399510309100151 0.04771227389574051
0.035416603088378906 0.03825201839208603
0.03319641202688217 0.03960942476987839
0.03611116111278534 0.0423833504319191
0.0344383604824543 0.0483366996049881
0.03531816601753235 0.042368657886981964
0.033236294984817505 0.03882664442062378
0.03830667957663536 0.0498969629406929
0.03573974594473839 0.04895581305027008
0.03704407066106796 0.046729519963264465
0.034873880445957184 0.03914415091276169
0.03396857529878616 0.05288199335336685
0.039111219346523285 0.05832391232252121
0.03908872231841087 0.04833915829658508
0.032650671899318695 0.04658089578151703
0.037771787494421005 0.040986739099025726
0.036855801939964294 0.046453796327114105
0.036921098828315735 0.043820805847644806
0.03589501231908798 0.048052169382572174
0.03430000692605972 0.048500657081604004
0.03676809370517731 0.054667554795742035
0.03758653998374939 0.05240224301815033
0.03548530116677284 0.04673577845096588
0.033157769590616226 0.04518724977970123
0.03427219018340111 0.04038022458553314
0.03781762346625328 0.04675932228565216
0.03241683170199394 0.036146312952041626
0.036537833511829376 0.030837884172797203
0.03716876357793808 0.04139372706413269
0.03569069504737854 0.0379912406206131
0.03981797397136688 0.044114820659160614
0.040465958416461945 0.050818897783756256
0.03678353875875473 0.048515044152736664
0.03640833497047424 0.04761086404323578
0.0365857295691967 0.05461570620536804
0.04041208326816559 0.042753830552101135
0.035504285246133804 0.04479300230741501
0.03579329326748848 0.05707165598869324
0.03384459391236305 0.054698340594768524
0.03269033506512642 0.061437420547008514
0.037219781428575516 0.0554434135556221
0.036094680428504944 0.04857289791107178
0.03402693569660187 0.0602647066116333
0.032289057970047 0.047691136598587036
0.035689063370227814 0.05273821949958801
0.03355404734611511 0.0509309247136116
0.033655475825071335 0.04363627731800079
0.035403650254011154 0.04621155560016632
0.03449258580803871 0.06468314677476883
0.031876400113105774 0.054537758231163025
0.03327948972582817 0.04151320457458496
0.03389626741409302 0.05565793067216873
0.03591027483344078 0.04090394079685211
0.03350294381380081 0.04104756563901901
0.036906518042087555 0.05425082892179489
0.03594876825809479 0.04421401023864746
0.038345444947481155 0.04408477246761322
0.033816441893577576 0.05231153964996338
0.03448537737131119 0.05077795684337616
0.03588859364390373 0.05907198786735535
0.03535236045718193 0.05518980324268341
0.03468818962574005 0.05158170312643051
0.034832913428545 0.048988692462444305
0.0351548045873642 0.05736532807350159
0.035940222442150116 0.06568600982427597
0.03366228938102722 0.046003252267837524
0.03517404571175575 0.06640807539224625
0.035559117794036865 0.05339460074901581
0.03191019594669342 0.06858489662408829
0.034739624708890915 0.05782315135002136
0.03155295550823212 0.05429664999246597
0.03642648458480835 0.05678712576627731
0.036352042108774185 0.05063634365797043
0.03532668948173523 0.04757743328809738
0.033920690417289734 0.044454529881477356
0.035158704966306686 0.04819592088460922
0.03434539586305618 0.04412752389907837
0.0341055765748024 0.04953847825527191
0.032578323036432266 0.05313032865524292
0.032456181943416595 0.04321187734603882
0.032307788729667664 0.05133537948131561
0.0344775915145874 0.04946007579565048
0.032375164330005646 0.053011924028396606
0.03489568084478378 0.06111504137516022
0.03031828999519348 0.0511649027466774
0.03487559035420418 0.04321952164173126
0.0341152548789978 0.04418530315160751
0.032668061554431915 0.04422149807214737
0.0345037542283535 0.066132090985775
0.033423759043216705 0.05912824720144272
0.031338565051555634 0.054226361215114594
0.032150380313396454 0.04771624505519867
0.03365397825837135 0.04775262624025345
0.031129535287618637 0.04604737460613251
0.03745964169502258 0.05771181732416153
0.034832876175642014 0.03823666274547577
0.033317066729068756 0.03825052082538605
0.031773317605257034 0.040611810982227325
0.02942998707294464 0.04492979496717453
0.031949713826179504 0.05033513903617859
0.031187843531370163 0.050872765481472015
0.03076738864183426 0.048093415796756744
0.033375922590494156 0.046643249690532684
0.03175213187932968 0.0484413206577301
0.035059571266174316 0.05561374872922897
0.03334902226924896 0.04664727300405502
0.03470860794186592 0.050347231328487396
0.033016420900821686 0.05031537264585495
0.034072395414114 0.04700308293104172
0.03305890038609505 0.06944599002599716
0.03326616436243057 0.07186988741159439
0.03538847714662552 0.07835593819618225
0.0335501953959465 0.06680545210838318
0.03224655240774155 0.0556969940662384
0.031847529113292694 0.05817767232656479
0.03293651342391968 0.0649806559085846
0.03219612315297127 0.05699838697910309
0.031623475253582 0.08133190870285034
0.03470027446746826 0.06725937873125076
0.03460586443543434 0.05660143494606018
0.03195806220173836 0.06487134844064713
0.03568536043167114 0.07422953099012375
0.032790184020996094 0.07117008417844772
0.03283126652240753 0.05833830684423447
0.032797764986753464 0.06209007650613785
0.030586760491132736 0.058336466550827026
0.033803582191467285 0.06872593611478806
0.031991902738809586 0.05880573391914368
0.03696851432323456 0.07149840146303177
0.03453769534826279 0.06295667588710785
0.0325700044631958 0.05909954011440277
0.03422454372048378 0.05982167273759842
0.03278408944606781 0.06281799077987671
0.03232729062438011 0.055400967597961426
0.03576299920678139 0.05532173067331314
0.03268423303961754 0.055381521582603455
0.031328409910202026 0.0581534281373024
0.03155288100242615 0.05642584711313248
0.034408219158649445 0.04657359421253204
0.03298424184322357 0.047535426914691925
0.03463106229901314 0.05056225508451462
0.03482726588845253 0.04784487187862396
0.031502362340688705 0.050037361681461334
0.033440981060266495 0.049424149096012115
0.0319354385137558 0.0503845289349556
0.031240172684192657 0.05051453411579132
0.031833216547966 0.04682303965091705
0.03426036238670349 0.050972022116184235
0.03268326073884964 0.055941782891750336
0.033241890370845795 0.05317435413599014
0.03387517109513283 0.056544847786426544
0.029768943786621094 0.055511534214019775
0.03175373375415802 0.05237308144569397
0.031474802643060684 0.05424875020980835
0.031424954533576965 0.05118776112794876
0.03225201740860939 0.05643191933631897
0.03140606731176376 0.054375723004341125
0.03247445821762085 0.053591348230838776
0.03075985237956047 0.053512200713157654
0.033650562167167664 0.05330709367990494
0.03160618245601654 0.052753955125808716
0.03188835456967354 0.052611514925956726
0.030568040907382965 0.052968770265579224
0.030641350895166397 0.052695393562316895
0.0292360782623291 0.056115902960300446
0.029961854219436646 0.05740790069103241
0.030502792447805405 0.05489492416381836
0.02988477051258087 0.056065864861011505
0.029945362359285355 0.05784294009208679
0.030495624989271164 0.05578217655420303
0.0307929664850235 0.05358024686574936
0.03029850870370865 0.054778896272182465
0.029176510870456696 0.056404367089271545
0.03024754673242569 0.05704749375581741
0.03042156621813774 0.05563286691904068
0.03163134306669235 0.058465197682380676
0.03246941417455673 0.05668894946575165
0.032897450029850006 0.05720178037881851
0.03103351593017578 0.05600738525390625
0.031115606427192688 0.056141115725040436
0.02850468084216118 0.05551382899284363
0.029654085636138916 0.05920399725437164
0.029210150241851807 0.05693308264017105
0.030385300517082214 0.058307893574237823
0.028139546513557434 0.055166907608509064
0.029158230870962143 0.058430977165699005
0.030075080692768097 0.0549095943570137
0.03008323535323143 0.05724005401134491
0.03259162977337837 0.055159322917461395
0.03219565749168396 0.05660920590162277
0.029981069266796112 0.05690682679414749
0.03264009580016136 0.05801896005868912
0.034279726445674896 0.05553101748228073
0.032006602734327316 0.057162635028362274
0.031681790947914124 0.05328207463026047
0.031921807676553726 0.05316596478223801
0.029723867774009705 0.05376897007226944
0.031597308814525604 0.05196540802717209
0.031544677913188934 0.0531548410654068
0.030526142567396164 0.05342431366443634
0.031333260238170624 0.056496478617191315
0.03190092742443085 0.054749079048633575
0.031069159507751465 0.05723988264799118
0.03132646530866623 0.05542021989822388
0.031465984880924225 0.05403862148523331
0.031309932470321655 0.04943639785051346
0.029559340327978134 0.05300655961036682
0.032620590180158615 0.0541362389922142
0.032116182148456573 0.055923111736774445
0.0291159525513649 0.05636683851480484
0.033470045775175095 0.05613940954208374
0.03511872887611389 0.05832567811012268
0.03539111465215683 0.05537702143192291
0.034197740256786346 0.054475560784339905
0.029085010290145874 0.05411820858716965
0.0323658213019371 0.054397232830524445
0.03192288801074028 0.056539975106716156
0.03428472951054573 0.05581597238779068
0.031634408980607986 0.05588698387145996
0.03447214886546135 0.05534011870622635
0.033090949058532715 0.05724035203456879
0.033300720155239105 0.05195704102516174
0.0320722758769989 0.05456116050481796
0.0367986224591732 0.054791323840618134
0.03387351706624031 0.06105036288499832
0.033234719187021255 0.05729161202907562
0.03484022617340088 0.05730979144573212
0.03354865312576294 0.05978526175022125
0.035303566604852676 0.054252080619335175
0.032539866864681244 0.0565171018242836
0.02854030951857567 0.05843411386013031
0.031684208661317825 0.05637563019990921
0.03454705327749252 0.05677630007266998
0.031305402517318726 0.0555797815322876
0.03475549444556236 0.057346977293491364
0.037665192037820816 0.052018895745277405
0.03518685698509216 0.052234746515750885
0.033041831105947495 0.054084546864032745
0.03328746557235718 0.05442098528146744
0.032392971217632294 0.0572013184428215
0.03307008743286133 0.05528402328491211
0.033245526254177094 0.05479501187801361
0.03261743485927582 0.05451004207134247
0.03374730795621872 0.05509629100561142
0.032227758318185806 0.05699974298477173
0.03340090066194534 0.056771472096443176
0.03522254154086113 0.05354486405849457
0.03153284639120102 0.05659424513578415
0.036650970578193665 0.05640649050474167
0.03706009313464165 0.054198235273361206
0.037512511014938354 0.05367662012577057
0.03467099368572235 0.057516396045684814
0.03431093692779541 0.056931816041469574
0.034456510096788406 0.05675475299358368
0.03612232953310013 0.05636981874704361
0.033853501081466675 0.05484021455049515
0.0328281968832016 0.057328350841999054
0.03395047038793564 0.05733451247215271
0.03577819839119911 0.05149650573730469
0.0310366228222847 0.05587241053581238
0.03058517351746559 0.05641241371631622
0.030153483152389526 0.0550418347120285
0.036112230271101 0.05698445439338684
0.03489154949784279 0.05845017731189728
0.03076966106891632 0.05920097976922989
