0.0038694702088832855 0.04467175528407097
0.025100648403167725 0.04780810698866844
0.00739542581140995 0.03996536508202553
0.022082310169935226 0.039322104305028915
0.01930655539035797 0.045582544058561325
0.011804096400737762 0.05543256178498268
0.015166722238063812 0.051787953823804855
0.014571104198694229 0.052505675703287125
0.013719320297241211 0.04894549772143364
0.009593572467565536 0.043728914111852646
0.02170797809958458 0.058386240154504776
0.017044637352228165 0.06679411977529526
0.01294923946261406 0.06382673233747482
0.014517262578010559 0.05423657223582268
0.011500641703605652 0.04640406742691994
0.009878937155008316 0.0444248728454113
0.008373966440558434 0.054986145347356796
0.020200170576572418 0.05774235352873802
0.015333924442529678 0.058298494666814804
0.013847321271896362 0.04245505854487419
0.01925671473145485 0.04179264232516289
0.024785496294498444 0.030635539442300797
0.011703047901391983 0.03391459211707115
0.008072901517152786 0.04766520485281944
0.0005274675786495209 0.056951869279146194
0.010670237243175507 0.049837496131658554
0.01763112097978592 0.05259164795279503
0.018396183848381042 0.04431362822651863
0.01630951091647148 0.04998641833662987
0.009360268712043762 0.044540997594594955
0.01995868980884552 0.05644179508090019
0.01503245159983635 0.06766092032194138
0.011293694376945496 0.06341199576854706
0.013566521927714348 0.05609307810664177
0.022575968876481056 0.05832654610276222
0.016376987099647522 0.05557916685938835
0.01734893023967743 0.04644055292010307
0.02664133906364441 0.04045739397406578
0.03170322999358177 0.04866868630051613
0.01451418548822403 0.05808253213763237
0.023151945322752 0.04655202850699425
0.01948513090610504 0.05658368393778801
0.01041436567902565 0.04299452528357506
0.016058214008808136 0.04218287393450737
0.008154530078172684 0.036957722157239914
0.016750581562519073 0.0433044396340847
-0.002790383994579315 0.04042598232626915
0.009080763906240463 0.04401778802275658
0.008171450346708298 0.0336492620408535
0.014401474967598915 0.05337760969996452
0.01731054112315178 0.033551257103681564
0.01970919966697693 0.041358914226293564
0.010793544352054596 0.047836821526288986
0.00950467400252819 0.05299942567944527
0.017861519008874893 0.05281030014157295
0.01864193007349968 0.044813547283411026
0.02374337986111641 0.04802217707037926
0.009127922356128693 0.046939801424741745
0.02244909293949604 0.035661209374666214
0.019019925966858864 0.04431445524096489
0.008449479937553406 0.04596404358744621
0.005394447594881058 0.052836593240499496
0.022483032196760178 0.04462052509188652
0.02480486035346985 0.041332315653562546
0.0187216866761446 0.05010060593485832
0.019433604553341866 0.03992534801363945
0.014697946608066559 0.042926397174596786
0.02661801129579544 0.04526452347636223
0.02384261041879654 0.043826792389154434
0.028118863701820374 0.04106753692030907
0.013686789199709892 0.0625452920794487
0.022713296115398407 0.040413882583379745
0.019415542483329773 0.044098686426877975
0.0067293886095285416 0.05396726354956627
0.013736266642808914 0.04542815312743187
0.02383950725197792 0.04641583934426308
0.008920110762119293 0.04804430529475212
0.01828032359480858 0.045849379152059555
0.01915545016527176 0.030360396951436996
0.014527436345815659 0.04693537577986717
0.019008822739124298 0.03631661459803581
0.025952855125069618 0.04216725751757622
0.012299593538045883 0.04614388570189476
0.024325605481863022 0.0468306802213192
0.02110135182738304 0.052571143954992294
0.02103755623102188 0.04482632502913475
0.022477254271507263 0.0479142852127552
0.011906709522008896 0.04504747316241264
0.018522176891565323 0.05765978619456291
0.014391206204891205 0.0495854876935482
0.012999333441257477 0.05581509694457054
0.004525061696767807 0.051329996436834335
0.02825804054737091 0.04155319556593895
0.005566742271184921 0.054013218730688095
0.014214631170034409 0.04863454028964043
0.0048146359622478485 0.05150097981095314
0.017819367349147797 0.039411041885614395
0.01645602658390999 0.04291948303580284
0.020052742213010788 0.05282888934016228
0.02238309755921364 0.04921025410294533
0.006400337442755699 0.05121312662959099
0.01603779010474682 0.050286661833524704
0.019558019936084747 0.047554608434438705
0.02285240963101387 0.053664129227399826
0.014669269323348999 0.050546374171972275
0.017923515290021896 0.04739004001021385
0.01655813306570053 0.04411795362830162
0.025636713951826096 0.03780798241496086
0.022100884467363358 0.029090698808431625
0.03207556903362274 0.03869923576712608
0.009728968143463135 0.051179300993680954
0.02114393562078476 0.04207649454474449
0.01803821325302124 0.019900795072317123
0.019852198660373688 0.05324290320277214
0.025302618741989136 0.03578854724764824
0.016886606812477112 0.0468282513320446
-0.0029589366167783737 0.042660582810640335
0.016538796946406364 0.035044144839048386
0.020230740308761597 0.04576205089688301
0.0127788744866848 0.04644967243075371
0.006607033312320709 0.0459621362388134
0.01913183182477951 0.044587936252355576
0.005805686116218567 0.05271061137318611
0.0039497241377830505 0.051104892045259476
0.0170346237719059 0.03704240545630455
-0.0004017055034637451 0.04242421314120293
0.018005263060331345 0.05004796013236046
0.000453900545835495 0.05567444488406181
0.016938593238592148 0.04886436089873314
0.013694599270820618 0.05314033851027489
0.018498949706554413 0.05713455006480217
0.004313632845878601 0.05514315143227577
0.013678573071956635 0.05447399243712425
0.012737073004245758 0.048322226852178574
-0.0016264691948890686 0.055272798985242844
0.015676718205213547 0.054843004792928696
0.0173422172665596 0.04960368946194649
0.01660420000553131 0.05298672243952751
0.02084817737340927 0.03671685978770256
0.011958952993154526 0.04958115890622139
0.013749025762081146 0.049820829182863235
0.01223660260438919 0.05686883255839348
-0.0008957535028457642 0.04735119268298149
0.011351402848958969 0.04624365642666817
0.00981198251247406 0.06506561487913132
0.0052861422300338745 0.057330552488565445
0.016803570091724396 0.04758033528923988
0.009266778826713562 0.04338488355278969
0.010564979165792465 0.05165978893637657
0.01773383840918541 0.04809417948126793
0.027833011001348495 0.0402318499982357
0.012216076254844666 0.061147842556238174
0.016346005722880363 0.03728624805808067
0.028848998248577118 0.04435410723090172
0.01040177047252655 0.035005200654268265
0.009151481091976166 0.049387361854314804
0.012340143322944641 0.04590385779738426
0.008308622986078262 0.060017090290784836
0.014479372650384903 0.053861211985349655
0.015286251902580261 0.060113418847322464
0.02888697385787964 0.03979465737938881
0.02736172080039978 0.04233160242438316
0.014776885509490967 0.05212322995066643
0.0217667818069458 0.034789714962244034
0.00960204005241394 0.05623094365000725
0.028518512845039368 0.04032687470316887
0.016190946102142334 0.05504102632403374
0.019310958683490753 0.04577014967799187
0.02292196825146675 0.045769523829221725
0.018660400062799454 0.04916953667998314
0.02134040743112564 0.04694240912795067
0.026738621294498444 0.03922254964709282
0.01800902932882309 0.04565220698714256
0.012310590595006943 0.05434876307845116
0.032686855643987656 0.03530537709593773
0.01576438918709755 0.03684676066040993
0.0226922444999218 0.040045153349637985
0.022484146058559418 0.04322069510817528
0.03390367701649666 0.026518139988183975
0.030148636549711227 0.03326747938990593
0.016849126666784286 0.04555680975317955
0.016751296818256378 0.04480458423495293
0.005902688950300217 0.047180306166410446
0.014994971454143524 0.05088869854807854
0.0008169915527105331 0.05796143040060997
0.029076583683490753 0.042554449290037155
0.00680750235915184 0.054570604115724564
0.022273123264312744 0.04357680305838585
0.010073138400912285 0.06674624979496002
0.010941118001937866 0.05121852084994316
0.03055810183286667 0.031881075352430344
0.014815803617238998 0.04457671567797661
0.005896173417568207 0.047626521438360214
0.019057415425777435 0.04770859703421593
0.016442853957414627 0.05316876992583275
0.01567494124174118 0.051536884158849716
0.010936226695775986 0.05659333989024162
0.027021795511245728 0.04401179775595665
0.024511180818080902 0.044741030782461166
0.00990404561161995 0.0481257326900959
0.034613385796546936 0.031290095299482346
0.017261922359466553 0.04066849872469902
0.0005161166191101074 0.0570276640355587
0.017668377608060837 0.03748629614710808
0.01876699924468994 0.03995097801089287
0.01674526557326317 0.037953782826662064
0.023533031344413757 0.039478544145822525
0.0140419602394104 0.04484732821583748
0.015586405992507935 0.045595984905958176
0.033301547169685364 0.043552327901124954
0.011700134724378586 0.05039064958691597
0.013386350125074387 0.050927113741636276
0.024989202618598938 0.05827082321047783
-0.0011984296143054962 0.06852403283119202
0.008893661201000214 0.045495349913835526
0.009691387414932251 0.05562306568026543
0.013349674642086029 0.043618302792310715
0.011605653911828995 0.05605333670973778
0.016779161989688873 0.050495367497205734
0.013544928282499313 0.04482537880539894
0.0246729776263237 0.036972593516111374
0.014623211696743965 0.047382887452840805
0.015107080340385437 0.03779977187514305
0.01458127424120903 0.054310958832502365
0.012708351016044617 0.04473685845732689
0.0065780505537986755 0.051785971969366074
0.012292575091123581 0.04649830982089043
0.024696871638298035 0.04404347762465477
0.011029016226530075 0.054824355989694595
0.004064794629812241 0.04432443901896477
0.015620607882738113 0.05368879809975624
0.015679165720939636 0.04239378497004509
0.017192630097270012 0.058952149003744125
0.026975970715284348 0.04166105017066002
0.01720372959971428 0.040356602519750595
0.0157613568007946 0.043666619807481766
0.016815871000289917 0.04131133481860161
0.008430521935224533 0.04923614487051964
0.017197661101818085 0.039054568856954575
0.01822417974472046 0.043455008417367935
0.020069610327482224 0.03830147907137871
0.02210070565342903 0.03775198385119438
0.02333209291100502 0.039743226021528244
0.01518634520471096 0.0425967238843441
0.017874639481306076 0.02994837984442711
0.024078499525785446 0.05170908197760582
0.01440437138080597 0.04054811969399452
0.007504589855670929 0.05354311689734459
0.015545632690191269 0.049451734870672226
0.02538183704018593 0.0418701134622097
0.011554010212421417 0.04872084781527519
0.007111065089702606 0.04798884317278862
0.011839786544442177 0.03508373722434044
0.023909084498882294 0.02956528589129448
0.01752755418419838 0.035405438393354416
0.019041769206523895 0.033732298761606216
0.027581561356782913 0.04657433554530144
0.009988751262426376 0.04183506593108177
0.020299848169088364 0.030096780508756638
0.013459697365760803 0.04255705699324608
0.006704408675432205 0.03875512257218361
0.016101865097880363 0.046400900930166245
0.015830114483833313 0.046926099807024
0.011571701616048813 0.05015714094042778
0.019541602581739426 0.04962274059653282
0.02601141482591629 0.04270985350012779
0.011399555951356888 0.055562231689691544
0.015923481434583664 0.04003678634762764
0.01295287162065506 0.03739094361662865
0.01271551102399826 0.04205365106463432
0.020070137456059456 0.04608408734202385
0.01766112446784973 0.03985501453280449
0.021182158961892128 0.04886254295706749
0.008168481290340424 0.05005420371890068
0.015293102711439133 0.0527118556201458
0.011184003204107285 0.045846518129110336
0.005547862499952316 0.053046684712171555
0.01613611727952957 0.03820820525288582
0.011680178344249725 0.03521924838423729
0.01569085568189621 0.04878083989024162
0.01606854423880577 0.045778270810842514
0.023010678589344025 0.03474630042910576
0.015174835920333862 0.041171398013830185
0.03324165940284729 0.03881170228123665
0.015929769724607468 0.050425056368112564
0.01984500139951706 0.04203621670603752
0.015095934271812439 0.04276758059859276
0.02656426467001438 0.03837570175528526
0.023435980081558228 0.039337437599897385
0.023474112153053284 0.03460882231593132
0.025725556537508965 0.04748902842402458
0.029353447258472443 0.02973010018467903
0.022057563066482544 0.04079383984208107
0.008461978286504745 0.059334490448236465
0.01876073330640793 0.039239998906850815
0.022383935749530792 0.046802323311567307
0.029651649296283722 0.03670107200741768
0.014010967686772346 0.04846647009253502
0.011418551206588745 0.056927639991045
0.03085794299840927 0.037984710186719894
0.015813268721103668 0.046517085283994675
0.021080821752548218 0.04399875923991203
0.027008362114429474 0.036871302872896194
0.017015915364027023 0.0472082756459713
0.015009196475148201 0.05131400749087334
0.031364805996418 0.029571276158094406
0.02102729305624962 0.026418637484312057
0.006350483745336533 0.05756073817610741
0.007822956889867783 0.03851154074072838
0.022244442254304886 0.04075106605887413
0.00961780920624733 0.053598131984472275
0.00768742710351944 0.048690374940633774
0.010033935308456421 0.06334777921438217
0.00857330858707428 0.052272189408540726
0.026876557618379593 0.023653831332921982
0.01194763369858265 0.048959311097860336
0.01009891927242279 0.05658493563532829
0.011633634567260742 0.04191872105002403
0.029158994555473328 0.041321638971567154
0.026628810912370682 0.04836392030119896
0.027594540268182755 0.043927695602178574
0.018828079104423523 0.040177877992391586
0.024342693388462067 0.04776345565915108
0.020659638568758965 0.037723440676927567
0.026510320603847504 0.045669447630643845
0.018373534083366394 0.054149311035871506
0.01293623074889183 0.04544573649764061
0.006779588758945465 0.05920609459280968
0.009016100317239761 0.06122322008013725
0.0014549978077411652 0.05300217494368553
0.00816609337925911 0.043187569826841354
0.020946484059095383 0.03915071859955788
0.02152138203382492 0.04728863760828972
0.026125308126211166 0.04134465381503105
0.029423974454402924 0.03524313494563103
0.023755040019750595 0.03598790988326073
0.01676308736205101 0.04247128590941429
0.02443286031484604 0.03837544098496437
0.004140965640544891 0.057444747537374496
0.016566768288612366 0.03478843346238136
0.03153632581233978 0.045034799724817276
0.013780675828456879 0.0549541674554348
0.017041154205799103 0.0404060073196888
0.018304947763681412 0.037773992866277695
0.0217013917863369 0.043258484452962875
0.011447586119174957 0.04275814816355705
0.013226969167590141 0.05112931504845619
0.006778337061405182 0.052112046629190445
0.008157392963767052 0.04478173330426216
0.026080213487148285 0.03575148060917854
0.01554296538233757 0.035123955458402634
0.021369732916355133 0.042262446135282516
0.019947923719882965 0.048944320529699326
0.01507643610239029 0.04409819468855858
0.011028684675693512 0.04588954523205757
0.01975322514772415 0.046900082379579544
0.013995781540870667 0.04714555665850639
0.023039136081933975 0.04348551854491234
0.01460140198469162 0.05247245356440544
0.02620074898004532 0.04499660059809685
0.022208768874406815 0.04498470202088356
0.014923522248864174 0.04905634745955467
0.014195142313838005 0.03680720552802086
0.031965140253305435 0.03183713182806969
0.02899259328842163 0.04300883039832115
0.0183040089905262 0.039694081991910934
0.020994778722524643 0.0353521965444088
0.020166052505373955 0.048324327915906906
-0.0023957565426826477 0.06093282625079155
0.02138948068022728 0.041102807968854904
0.027816947549581528 0.04247642681002617
0.01569301448762417 0.05385028198361397
0.01996077597141266 0.040946174412965775
0.03171086311340332 0.03862488642334938
0.017872441560029984 0.04404103383421898
0.026775754988193512 0.04979267343878746
0.022581052035093307 0.05234144255518913
0.008382806554436684 0.053281184285879135
0.01443583145737648 0.05325919762253761
0.019840579479932785 0.04805449768900871
0.023847531527280807 0.05235638841986656
0.016863062977790833 0.04496893659234047
0.02182931825518608 0.05011117085814476
0.01840297505259514 0.06154638156294823
0.016937516629695892 0.055031757801771164
0.018354367464780807 0.05399593338370323
0.00976371020078659 0.05492251738905907
0.018981758505105972 0.039284493774175644
0.019888468086719513 0.04318397864699364
0.019727244973182678 0.04121839627623558
0.0035904012620449066 0.049826499074697495
0.017330531030893326 0.055608537048101425
0.009760834276676178 0.043663036078214645
0.007094584405422211 0.05988156422972679
0.013028871268033981 0.049116890877485275
0.028693558648228645 0.06180225685238838
0.019511744379997253 0.047277431935071945
0.018364116549491882 0.04655200615525246
0.01998380944132805 0.0466914139688015
0.03036157786846161 0.04513555392622948
0.015256091952323914 0.04877401515841484
0.017540860921144485 0.03466733917593956
0.020425092428922653 0.04965156689286232
0.020858950912952423 0.04313613101840019
0.012541599571704865 0.05698826536536217
0.013908039778470993 0.04479914531111717
0.023911479860544205 0.04689977690577507
0.015511177480220795 0.04861454293131828
0.026843219995498657 0.04899250343441963
0.019641797989606857 0.03362439200282097
0.020683787763118744 0.04594701901078224
0.030589915812015533 0.04184695705771446
0.01219693198800087 0.048418547958135605
0.015536222606897354 0.04948967322707176
0.013484582304954529 0.04878704622387886
0.007077790796756744 0.0629466250538826
0.015121441334486008 0.060128044337034225
0.020623113960027695 0.05774090066552162
0.003724154084920883 0.04423375055193901
0.01231074333190918 0.04524562880396843
0.015675488859415054 0.052749600261449814
0.015627935528755188 0.05326126143336296
0.01232634112238884 0.04574381932616234
0.021865468472242355 0.03563500568270683
0.007444439455866814 0.042890217155218124
0.013670317828655243 0.05399810150265694
0.02685115486383438 0.05002186819911003
0.024409182369709015 0.045114751905202866
0.009423594921827316 0.05830448493361473
0.027836281806230545 0.055746328085660934
0.01070406660437584 0.04394149407744408
0.011231895536184311 0.06246447190642357
0.003943890333175659 0.056418951600790024
0.02164212055504322 0.057749953120946884
0.018432047218084335 0.05532867833971977
0.02810274064540863 0.053507741540670395
0.01878306269645691 0.051117490977048874
0.0141659677028656 0.048874374479055405
0.007982231676578522 0.04445558413863182
0.015163809061050415 0.044963087886571884
0.012405995279550552 0.04941786453127861
0.00798799842596054 0.06107408180832863
0.011773992329835892 0.055686939507722855
0.0119103342294693 0.04887795075774193
0.016583777964115143 0.05582588538527489
0.02705935761332512 0.04591560736298561
0.021707501262426376 0.04147226735949516
0.02607523277401924 0.06109054014086723
0.01569642871618271 0.06429877132177353
0.0155694130808115 0.060246195644140244
0.016230184584856033 0.05134918913245201
0.012687362730503082 0.058424707502126694
0.01927204243838787 0.045390304177999496
0.010400548577308655 0.05003665015101433
0.009579461067914963 0.051195528358221054
0.021960124373435974 0.04800873622298241
0.017250772565603256 0.04613183066248894
0.011408187448978424 0.05055583640933037
0.018262643367052078 0.04693470522761345
0.01844373345375061 0.05354638025164604
0.011781621724367142 0.05016965791583061
0.021682068705558777 0.046060364693403244
0.020109284669160843 0.04568266496062279
0.02478664368391037 0.044784221798181534
0.022468656301498413 0.05359172448515892
0.01868835836648941 0.04845550283789635
0.021746255457401276 0.05405740067362785
0.023481983691453934 0.05152927711606026
0.0216795913875103 0.05119426175951958
0.011328106746077538 0.06127500161528587
0.015031035989522934 0.050890903919935226
0.029311995953321457 0.04691344127058983
0.008891463279724121 0.05809372290968895
0.008477713912725449 0.05993190035223961
0.013712506741285324 0.06371169537305832
0.015380006283521652 0.05726873502135277
0.015770651400089264 0.046860720962285995
0.010398834943771362 0.06224071606993675
0.021103262901306152 0.0539749376475811
0.0300757959485054 0.057413097470998764
0.013356687501072884 0.055345844477415085
0.01395263522863388 0.06380391865968704
0.015255462378263474 0.05063575878739357
-0.0027978233993053436 0.05796591565012932
0.012871351093053818 0.056212496012449265
0.0293523371219635 0.046839307993650436
0.02409914880990982 0.03813103958964348
0.026089195162057877 0.03781440481543541
0.00877121090888977 0.05657852813601494
0.013581566512584686 0.039859455078840256
0.0198637954890728 0.03992387279868126
0.02911069244146347 0.05188148841261864
0.00409303605556488 0.053361620754003525
0.01723642647266388 0.047801461070775986
0.01254788413643837 0.05480879917740822
0.020359575748443604 0.054493557661771774
0.020437240600585938 0.04935576394200325
0.01552276685833931 0.04650462791323662
0.019054483622312546 0.036023687571287155
0.026088789105415344 0.04528604820370674
0.0278773233294487 0.045479800552129745
0.012289423495531082 0.03555959090590477
0.023286178708076477 0.04800507053732872
0.016238387674093246 0.05274280533194542
0.017218168824911118 0.04165523871779442
0.013217911124229431 0.05033017322421074
0.022703804075717926 0.06237620487809181
0.024185143411159515 0.05099369212985039
0.024596843868494034 0.04705167934298515
0.008343551307916641 0.05379674956202507
0.0207565538585186 0.039157699793577194
0.0076407790184021 0.05596548691391945
0.006874736398458481 0.0495370589196682
0.027142591774463654 0.03855752572417259
0.022235428914427757 0.04793132469058037
0.026142872869968414 0.05029900744557381
0.028959374874830246 0.045688431710004807
0.0052207037806510925 0.06363009661436081
0.03898371011018753 0.028261404484510422
0.024606473743915558 0.04012497887015343
0.02008889615535736 0.04594823345541954
0.01563193090260029 0.04574551060795784
0.02133423462510109 0.047455932945013046
0.01072346419095993 0.05857408419251442
0.012110922485589981 0.04043636843562126
0.01294233649969101 0.058126192539930344
0.014911141246557236 0.05597425624728203
0.00954413041472435 0.056054096668958664
0.017160438001155853 0.061494130641222
0.017521433532238007 0.05600123479962349
0.01087871752679348 0.05146866664290428
0.01653619110584259 0.055204521864652634
0.02462291345000267 0.04510810598731041
-0.001863047480583191 0.0610382966697216
0.007867451757192612 0.05073605105280876
0.016330353915691376 0.059437599033117294
0.028505340218544006 0.05047699436545372
0.020129717886447906 0.056433986872434616
0.008296355605125427 0.061610933393239975
0.009954594075679779 0.06483590602874756
0.01217712089419365 0.04558410868048668
0.009551525115966797 0.043298859149217606
0.0011219251900911331 0.05841127410531044
0.00872838869690895 0.04178505763411522
0.013305418193340302 0.05750042572617531
0.025718674063682556 0.04030921682715416
0.021015726029872894 0.033984582871198654
0.012192519381642342 0.056466709822416306
0.017755579203367233 0.04292001947760582
0.01022668182849884 0.05850004777312279
0.023562222719192505 0.03762782737612724
0.014111120253801346 0.04739232733845711
0.018793992698192596 0.04760335013270378
0.02057858556509018 0.052880171686410904
0.018826909363269806 0.05447063967585564
0.016042057424783707 0.03918960317969322
0.02239118330180645 0.058958034962415695
0.01513618603348732 0.052139800041913986
0.007606426253914833 0.0553584061563015
0.03214586526155472 0.03185875341296196
0.02371828258037567 0.04288555309176445
0.026788584887981415 0.04220780357718468
0.026049800217151642 0.04104122892022133
0.015348441898822784 0.050373341888189316
0.030206236988306046 0.0498112328350544
0.01899057999253273 0.0502261184155941
0.01592780277132988 0.041597019881010056
0.019489765167236328 0.04595266655087471
0.017128460109233856 0.036810118705034256
0.021775241941213608 0.0428553931415081
0.03012707456946373 0.042907457798719406
0.021534530445933342 0.047808434814214706
0.015525586903095245 0.046579357236623764
0.02627062052488327 0.05185592547059059
0.022803790867328644 0.0447055958211422
0.015448905527591705 0.06591542810201645
0.0074077993631362915 0.04986117407679558
0.024421487003564835 0.06967058032751083
0.024996981024742126 0.06161760166287422
0.01722951978445053 0.0578141026198864
0.020638175308704376 0.06397923827171326
0.02531421184539795 0.05237799510359764
0.022772647440433502 0.04100387915968895
0.03250706195831299 0.0604185126721859
0.026073001325130463 0.048290710896253586
0.01826687902212143 0.05224655941128731
0.009158950299024582 0.056866537779569626
0.01471441239118576 0.041056450456380844
0.017939314246177673 0.049590375274419785
0.019467927515506744 0.04099496826529503
0.01825345680117607 0.04492626711726189
0.017293862998485565 0.0457431934773922
0.019794441759586334 0.029395829886198044
0.018704839050769806 0.04527952894568443
0.015105713158845901 0.03341704234480858
0.02310755103826523 0.030728597193956375
0.01745227351784706 0.04782051965594292
0.01826084405183792 0.033986154943704605
0.007794085890054703 0.04095524922013283
0.015163082629442215 0.054779987782239914
0.02649500221014023 0.040509533137083054
0.02439728006720543 0.03857673332095146
0.006173510104417801 0.04629344865679741
0.0151035375893116 0.05490170046687126
0.021793339401483536 0.050788912922143936
0.011148445308208466 0.05191422626376152
0.018621958792209625 0.041089948266744614
0.03341006487607956 0.03810478374361992
0.019362591207027435 0.05360640212893486
0.010028421878814697 0.03765341266989708
0.013796821236610413 0.03966113552451134
0.01610945537686348 0.058972012251615524
0.022957095876336098 0.05078882351517677
0.019458800554275513 0.03812425956130028
0.006516359746456146 0.05583697184920311
0.012726180255413055 0.058778729289770126
0.00851546972990036 0.04968790337443352
0.01785452291369438 0.04909558221697807
0.014188893139362335 0.0564003549516201
0.01835963875055313 0.039958786219358444
0.024818867444992065 0.05498994514346123
0.02095993608236313 0.05039684846997261
0.04622284322977066 0.03843047842383385
0.0159638412296772 0.04727351292967796
0.01593070477247238 0.05216483399271965
0.02772444114089012 0.043207790702581406
0.016975410282611847 0.053378861397504807
0.016226060688495636 0.04817858710885048
0.018809445202350616 0.04226500913500786
0.012376770377159119 0.033828940242528915
0.012141216546297073 0.04888538643717766
0.027402564883232117 0.04574623331427574
0.013242444023489952 0.04658731445670128
0.010219458490610123 0.058079857379198074
0.013578701764345169 0.04973294958472252
0.015482068061828613 0.05398797616362572
0.01916695386171341 0.045424964278936386
0.007605049759149551 0.04133474454283714
0.007477153092622757 0.05293771252036095
0.020838215947151184 0.048304881900548935
0.012597516179084778 0.05005471035838127
0.0047694966197013855 0.040334682911634445
0.007708556950092316 0.05243245139718056
0.017921283841133118 0.05387655273079872
0.01644105464220047 0.05425804480910301
0.008056685328483582 0.05244145914912224
0.01764017902314663 0.05089344456791878
0.01293427124619484 0.05315932258963585
0.007564999163150787 0.05090388283133507
0.012041399255394936 0.045533474534749985
0.01647121086716652 0.05916428193449974
0.016885768622159958 0.03625660762190819
0.019523009657859802 0.04442809149622917
0.018612608313560486 0.04784911498427391
0.018907984718680382 0.044789742678403854
0.02665884420275688 0.06174015626311302
0.019155777990818024 0.05630221590399742
0.013620641082525253 0.06155502423644066
0.023202870041131973 0.05061769858002663
0.022437937557697296 0.05099394544959068
0.024078359827399254 0.04733729735016823
0.017336232587695122 0.051898691803216934
0.015554675832390785 0.056010838598012924
0.019399715587496758 0.04731087014079094
0.009074121713638306 0.06607527285814285
0.014698948711156845 0.05795661732554436
0.014014268293976784 0.04522794112563133
0.015800129622220993 0.0582708977162838
0.017703190445899963 0.0457431934773922
0.010279975831508636 0.046683963388204575
0.008561834692955017 0.0344197116792202
0.010916762053966522 0.04835158959031105
0.019419724121689796 0.05115003511309624
0.03136500343680382 0.038043927401304245
0.025598246604204178 0.037238504737615585
0.02536121755838394 0.05667503550648689
0.025878336280584335 0.05247822031378746
0.015539918094873428 0.042794425040483475
0.031879112124443054 0.05435517057776451
0.020988304167985916 0.04973941668868065
0.008464161306619644 0.05249885842204094
0.027365535497665405 0.03869841620326042
0.025604985654354095 0.0352008156478405
0.03319530934095383 0.044855546206235886
0.016545327380299568 0.04746907576918602
0.026302020996809006 0.044177111238241196
0.022932805120944977 0.04350006952881813
0.010304480791091919 0.045074839144945145
0.018505580723285675 0.04993024840950966
0.015473641455173492 0.04974957928061485
0.017741193994879723 0.03730795904994011
0.00988839939236641 0.03997432813048363
0.023298993706703186 0.038820866495370865
0.02648061513900757 0.029161203652620316
0.023886483162641525 0.04723643884062767
0.020686857402324677 0.04354904219508171
0.016549598425626755 0.042169954627752304
0.018028616905212402 0.04616987332701683
0.020577460527420044 0.04906804487109184
0.018284138292074203 0.04798462614417076
0.02178974449634552 0.054614122956991196
0.015076547861099243 0.05923223868012428
0.02242978662252426 0.054370131343603134
0.01780177652835846 0.039440762251615524
-0.00037440285086631775 0.05738448724150658
0.018349237740039825 0.049253787845373154
0.01481657475233078 0.05340966209769249
0.01591639220714569 0.05589717999100685
0.016338925808668137 0.04544674977660179
0.0020997487008571625 0.06735026836395264
0.022595833986997604 0.05448402091860771
0.010106462985277176 0.05359816178679466
0.029649462550878525 0.047738876193761826
0.025916695594787598 0.0419161431491375
0.014785567298531532 0.046264614909887314
0.022654719650745392 0.043471675366163254
0.02346475049853325 0.05085870996117592
0.02342710644006729 0.04312573000788689
0.012422066181898117 0.04391590878367424
0.025423679500818253 0.061514582484960556
0.010686658322811127 0.043033014982938766
0.02607111632823944 0.04374163970351219
0.02775319665670395 0.050067853182554245
0.014885395765304565 0.049442972987890244
0.023558299988508224 0.04095878824591637
0.00931178405880928 0.05017034336924553
0.014103591442108154 0.055042874068021774
0.010997109115123749 0.04202432557940483
0.012820333242416382 0.04222660884261131
0.0168110691010952 0.051681023091077805
0.005021125078201294 0.043873246759176254
0.02515488490462303 0.03387415036559105
0.023395955562591553 0.050525274127721786
0.02513187564909458 0.04876692220568657
0.01287379115819931 0.05126118287444115
0.03198756277561188 0.027743738144636154
0.010818328708410263 0.05149569734930992
0.010151922702789307 0.03565218672156334
0.010595440864562988 0.05166259780526161
0.018207982182502747 0.04252645745873451
0.029908105731010437 0.03701311722397804
0.011813938617706299 0.049106623977422714
0.01870974339544773 0.06052994355559349
0.009092949330806732 0.05348553881049156
0.015950776636600494 0.0589640848338604
0.00602993369102478 0.05584483966231346
0.0044639259576797485 0.04888373240828514
0.01234721951186657 0.05426645651459694
0.016942419111728668 0.052643995732069016
0.014990679919719696 0.05072517320513725
0.018599068745970726 0.04274582490324974
0.03732505440711975 0.04385332390666008
0.013542965054512024 0.05479651317000389
0.025255121290683746 0.0499582402408123
0.02954033762216568 0.03968455269932747
0.02867959439754486 0.057909514755010605
0.024850308895111084 0.05936649069190025
0.021125219762325287 0.05443427339196205
0.012640830129384995 0.05927777662873268
0.014473367482423782 0.06229987367987633
0.024604585021734238 0.04385588690638542
0.02292107790708542 0.05072109028697014
0.01717056706547737 0.04164862260222435
0.006914529949426651 0.05097105726599693
0.0016767624765634537 0.07081271708011627
0.0043696388602256775 0.057517994195222855
0.01177510991692543 0.04510089382529259
0.011804033070802689 0.04261026903986931
0.013199001550674438 0.044683825224637985
0.03495506942272186 0.03905945643782616
0.021144472062587738 0.04754939302802086
0.018835335969924927 0.03727974370121956
0.01097726821899414 0.04125199839472771
0.023137792944908142 0.0442623607814312
0.02646380290389061 0.03846262767910957
0.024432744830846786 0.05201629921793938
0.01550070196390152 0.05619318410754204
0.008117519319057465 0.05168379470705986
0.01840111054480076 0.05650139972567558
0.02271483838558197 0.05539090558886528
0.015990782529115677 0.06684577465057373
0.006258521229028702 0.061475466936826706
0.015485167503356934 0.051360201090574265
0.008502207696437836 0.0595124326646328
0.01644264906644821 0.03197405859827995
0.024814043194055557 0.04976598545908928
0.02862149104475975 0.04478229209780693
0.024421676993370056 0.05178269371390343
0.007897458970546722 0.047928210347890854
0.01624288037419319 0.06042209640145302
0.009319279342889786 0.050403695553541183
0.018024038523435593 0.05093022808432579
0.011781934648752213 0.04919826611876488
0.015144478529691696 0.03377571329474449
0.017878662794828415 0.04381778463721275
0.015916187316179276 0.04588526114821434
0.013684332370758057 0.051260460168123245
0.018123097717761993 0.04802599176764488
0.02118207886815071 0.0498812161386013
0.010232929140329361 0.05518579110503197
0.007380589842796326 0.051775719970464706
0.03070017881691456 0.044612620025873184
0.021943427622318268 0.03867904469370842
0.0178728848695755 0.04950243607163429
0.009050749242305756 0.06668054312467575
0.008256280794739723 0.03845446929335594
0.010564155876636505 0.054876524955034256
0.019031748175621033 0.05366990342736244
0.010455325245857239 0.05115148052573204
0.013137727975845337 0.04846229776740074
0.013530358672142029 0.04415203258395195
0.0011174753308296204 0.059850554913282394
0.004166439175605774 0.04706409201025963
0.006279762834310532 0.04950029030442238
0.014531582593917847 0.05091976746916771
0.01674649864435196 0.0388202928006649
0.002105042338371277 0.057923268526792526
0.008238084614276886 0.06114623323082924
0.003137744963169098 0.06378910690546036
0.006599653512239456 0.06048571690917015
0.004158347845077515 0.05408286675810814
0.012211572378873825 0.057455744594335556
0.006773393601179123 0.04973962530493736
0.011739635840058327 0.05323474481701851
0.01638437807559967 0.0494510792195797
0.00762525200843811 0.04085296019911766
0.010136861354112625 0.04923735931515694
0.009557254612445831 0.04015788063406944
0.0005386695265769958 0.04120127484202385
0.0031773485243320465 0.04757995530962944
0.009606815874576569 0.05594834312796593
0.01921876147389412 0.04896872863173485
0.0068807341158390045 0.06264617294073105
0.00914844498038292 0.05989890918135643
0.012786071747541428 0.05643216148018837
0.005164206027984619 0.0531407855451107
0.010425956919789314 0.05508878454566002
0.00850427895784378 0.051280420273542404
0.007420841604471207 0.04905642196536064
0.015421707183122635 0.04901052638888359
0.010370027273893356 0.05397019907832146
0.015838492661714554 0.05403652414679527
0.01627768576145172 0.05720439925789833
0.011813730001449585 0.04822899028658867
0.012294571846723557 0.051438894122838974
-0.0012238509953022003 0.05054477974772453
0.01980401948094368 0.0493694506585598
0.013215377926826477 0.036906640976667404
0.021326452493667603 0.03703327104449272
0.019832972437143326 0.03969144448637962
0.013160400092601776 0.0387781523168087
-0.001091737300157547 0.0541154108941555
0.023959308862686157 0.03911330923438072
0.010451402515172958 0.03757791593670845
0.014072470366954803 0.04767205938696861
0.017882507294416428 0.0453069843351841
0.011784389615058899 0.0536651574075222
0.010377015918493271 0.05472342297434807
0.026652023196220398 0.04674669727683067
0.01507406122982502 0.049154940992593765
0.015506941825151443 0.04869381710886955
0.014567811042070389 0.0404619537293911
0.02285803109407425 0.06194864585995674
0.03146151453256607 0.0416102297604084
0.022753354161977768 0.035425860434770584
0.009989649057388306 0.062258411198854446
0.013197164982557297 0.050947871059179306
0.03392469882965088 0.04047268256545067
0.03421236202120781 0.031209345906972885
0.01544107124209404 0.05394945666193962
0.011592667549848557 0.04216988757252693
0.007673176005482674 0.04450714960694313
0.02528224140405655 0.04386983439326286
0.013305962085723877 0.03501870855689049
0.020998554304242134 0.035096656531095505
0.013749226927757263 0.03393023833632469
0.011762022972106934 0.04389546439051628
0.011220552027225494 0.05386998876929283
0.009048137813806534 0.06193624064326286
0.011785496026277542 0.05347814783453941
0.03189786523580551 0.05470409616827965
0.010761450976133347 0.06070990487933159
0.008507158607244492 0.059030693024396896
0.01801585778594017 0.05068347975611687
0.011816352605819702 0.043751310557127
0.01476789265871048 0.03855317458510399
0.014015011489391327 0.05117149278521538
0.023368842899799347 0.0491524301469326
0.011254794895648956 0.04891521856188774
0.017847992479801178 0.04484119638800621
0.015123941004276276 0.05593065544962883
0.017761999741196632 0.04861323907971382
0.02114749886095524 0.034213703125715256
0.016110077500343323 0.046599771827459335
0.013013254851102829 0.04117905721068382
0.034252166748046875 0.044624146074056625
-0.003934107720851898 0.05714206025004387
0.01519177109003067 0.05034434422850609
0.025476686656475067 0.05462494120001793
0.018130362033843994 0.04822972044348717
0.02816077321767807 0.04699167236685753
0.011064372956752777 0.04776212200522423
0.017004381865262985 0.04507282003760338
0.030869431793689728 0.052029114216566086
-0.0022165682166814804 0.04645605757832527
0.012029372155666351 0.05312173441052437
0.02408934012055397 0.04462432488799095
0.0182453952729702 0.03370669111609459
0.026505403220653534 0.05797567591071129
0.02868667244911194 0.040908169001340866
0.018332526087760925 0.05491408333182335
0.01714688166975975 0.03959224745631218
0.0021940022706985474 0.05348459258675575
0.00011664628982543945 0.049844902008771896
0.019064612686634064 0.029126625508069992
0.01671173796057701 0.03637389466166496
0.004054062068462372 0.03334888443350792
0.006535496562719345 0.05542900785803795
0.009337525814771652 0.05306978151202202
0.007837336510419846 0.04774690791964531
0.02250049263238907 0.06874722242355347
0.02603108435869217 0.03814559057354927
-0.0010011326521635056 0.05496640130877495
0.027594879269599915 0.04064757749438286
0.01527709886431694 0.05102376267313957
0.015185035765171051 0.052004072815179825
0.005032546818256378 0.05419261381030083
0.023239493370056152 0.04820970818400383
0.024680916219949722 0.037740807980298996
0.016903270035982132 0.06333378702402115
0.031878698617219925 0.04426067695021629
0.02436153218150139 0.04604518041014671
0.009993158280849457 0.05436982586979866
0.028832033276557922 0.03867679461836815
0.017429251223802567 0.04892132803797722
0.0135573111474514 0.0445760153234005
0.02253510057926178 0.042484965175390244
0.02045143023133278 0.05309119448065758
0.022433675825595856 0.06321697682142258
0.02136368490755558 0.05902751907706261
0.029116861522197723 0.0447690449655056
0.01784033328294754 0.05772623047232628
0.0219804048538208 0.03653937205672264
0.010654432699084282 0.04506749287247658
0.02524649351835251 0.04066914692521095
0.022772692143917084 0.061916645616292953
0.011985331773757935 0.05465742573142052
0.007375780493021011 0.045535679906606674
0.022201508283615112 0.04819494113326073
0.013817857950925827 0.05400381609797478
0.03246993198990822 0.03793255612254143
0.005164317786693573 0.05456837639212608
0.027769502252340317 0.0538799874484539
0.019376754760742188 0.04782421514391899
0.03571636974811554 0.051190514117479324
0.018491173163056374 0.04520495608448982
0.020516574382781982 0.05076780542731285
0.010756060481071472 0.0664532408118248
0.007225215435028076 0.05969111993908882
0.012815997004508972 0.0553717277944088
0.017285197973251343 0.06894570589065552
0.01508280262351036 0.05507216975092888
0.005292065441608429 0.05406266823410988
-0.00010902807116508484 0.0604679174721241
0.00323689728975296 0.05119771882891655
-0.0065078698098659515 0.0549468956887722
0.007401574403047562 0.05478149279952049
0.016651134938001633 0.05521545931696892
0.008206825703382492 0.050071414560079575
0.02238713949918747 0.04721247777342796
0.016963273286819458 0.0386524461209774
0.014630857855081558 0.05503213033080101
0.009391255676746368 0.05405917391180992
0.012927085161209106 0.04426438733935356
0.017905887216329575 0.051410507410764694
0.011552810668945312 0.05606427416205406
0.00406336784362793 0.057320963591337204
0.010250931605696678 0.044557761400938034
0.016519173979759216 0.050432007759809494
0.007909784093499184 0.041447754949331284
0.020569242537021637 0.031521108001470566
0.013606766238808632 0.04491853341460228
0.007582295686006546 0.051015015691518784
0.021268075332045555 0.047986920922994614
0.010323051363229752 0.051624562591314316
0.007696390151977539 0.06209665164351463
0.004128620028495789 0.06635191291570663
0.029287558048963547 0.0437919981777668
0.011102370917797089 0.05689388886094093
0.0009875111281871796 0.057299818843603134
0.01546037569642067 0.05175381526350975
0.0026111379265785217 0.052979450672864914
0.012786950916051865 0.05597236379981041
0.026546195149421692 0.048866670578718185
0.009767647832632065 0.04858982190489769
0.016708791255950928 0.05679706111550331
0.02153228223323822 0.04802539572119713
0.013228874653577805 0.0422174446284771
0.01955556869506836 0.04969879612326622
0.009790852665901184 0.041865792125463486
0.021310940384864807 0.03547505661845207
0.021156612783670425 0.043145354837179184
0.008438725024461746 0.04717586562037468
0.005919354036450386 0.04602712765336037
0.021193373948335648 0.043418195098638535
0.011937860399484634 0.0461885891854763
0.022856466472148895 0.043901216238737106
0.02520165592432022 0.040487583726644516
0.011869564652442932 0.046615298837423325
0.019214041531085968 0.044619109481573105
0.0054519325494766235 0.05295266583561897
0.02225133776664734 0.045691344887018204
0.00954177975654602 0.05994761362671852
0.009555865079164505 0.056981850415468216
0.01333058625459671 0.05359059199690819
0.013952907174825668 0.04744700714945793
0.014232747256755829 0.043787579983472824
0.019749771803617477 0.038548242300748825
0.011189624667167664 0.04878963157534599
0.019790247082710266 0.0360674150288105
0.0006192978471517563 0.05432147905230522
0.011994745582342148 0.04658747836947441
0.016935817897319794 0.055430542677640915
0.01521938294172287 0.04500177130103111
0.006116077303886414 0.057961564511060715
0.0063176229596138 0.04950634762644768
0.017699241638183594 0.04354485496878624
0.015333905816078186 0.04255570098757744
0.012485921382904053 0.045107778161764145
0.015083685517311096 0.03397395834326744
0.025165408849716187 0.04353567585349083
0.018681131303310394 0.057775091379880905
0.005196813493967056 0.05100687965750694
0.007383376359939575 0.036523688584566116
0.02621203288435936 0.04561404511332512
0.028541751205921173 0.052709247916936874
0.01119185984134674 0.05113756284117699
0.023047540336847305 0.05081529542803764
0.013032292947173119 0.05318224057555199
0.010055910795927048 0.05087679252028465
0.02230962924659252 0.038464199751615524
0.02516493946313858 0.03950111195445061
0.007553752511739731 0.05620930716395378
0.02462274581193924 0.05103851482272148
0.01929321140050888 0.04383261129260063
0.0066946446895599365 0.053400736302137375
0.0026447102427482605 0.05334010347723961
0.017267350107431412 0.04972286894917488
0.0134616419672966 0.040162455290555954
0.02434553951025009 0.03442084416747093
0.025920812040567398 0.04131315276026726
0.019053634256124496 0.039803747087717056
0.01271623745560646 0.0528629831969738
0.016832735389471054 0.05449545010924339
0.022242866456508636 0.052946578711271286
0.025237876921892166 0.03552814945578575
0.02417338639497757 0.05250842496752739
0.02809099107980728 0.03239792212843895
0.022152528166770935 0.04624040797352791
0.02157791703939438 0.046622034162282944
0.018837589770555496 0.04579978808760643
0.018051667138934135 0.046483393758535385
0.011924982070922852 0.04286102578043938
0.01970914751291275 0.03957280144095421
0.02154097706079483 0.0396532379090786
0.019997112452983856 0.0455273799598217
0.013913825154304504 0.044684913009405136
0.02860933169722557 0.029599126428365707
0.025711577385663986 0.042236920446157455
0.006363876163959503 0.04350441321730614
0.01679694652557373 0.04248616471886635
0.010889358818531036 0.03279183432459831
0.01766178384423256 0.04861871525645256
0.01666886731982231 0.04327438399195671
0.012179624289274216 0.054157670587301254
0.006389934569597244 0.05181727930903435
0.01921694725751877 0.05038517341017723
0.023514658212661743 0.04124036058783531
0.0008749514818191528 0.046154092997312546
0.01269889622926712 0.04623240604996681
0.015740014612674713 0.047682177275419235
0.00678287073969841 0.0473521389067173
0.0033037737011909485 0.06262434273958206
0.015445882454514503 0.062046464532613754
0.01102852076292038 0.06440893560647964
0.02009817212820053 0.04707055911421776
0.020261317491531372 0.043877389281988144
0.0015607848763465881 0.05092799291014671
0.002930711954832077 0.05649390444159508
0.011839959770441055 0.05147188529372215
0.014861851930618286 0.054274801164865494
0.0035233013331890106 0.053637754172086716
0.006287511438131332 0.04060172662138939
0.014893751591444016 0.05168939754366875
0.01054815948009491 0.057298626750707626
0.01640167459845543 0.04663821682333946
0.006411798298358917 0.050371404737234116
0.021882090717554092 0.03683849796652794
-0.0007225722074508667 0.0570039264857769
0.022677810862660408 0.043753232806921005
0.02268354967236519 0.03883829340338707
0.011339545249938965 0.05245440825819969
0.009102720767259598 0.050737496465444565
0.012513730674982071 0.05238334462046623
0.012180838733911514 0.05516911670565605
0.0181287731975317 0.04880819842219353
0.011971216648817062 0.05118606612086296
0.023067830130457878 0.05181330814957619
0.01871372014284134 0.044161584228277206
0.013055115938186646 0.04767313227057457
0.015449218451976776 0.04908531531691551
0.002524692565202713 0.04818235710263252
0.003957414999604225 0.048909347504377365
0.009361173957586288 0.04502975568175316
0.005419865250587463 0.05789252743124962
0.005987126380205154 0.05699314549565315
0.021886296570301056 0.039655666798353195
0.014280442148447037 0.046930890530347824
0.016449294984340668 0.04823484644293785
0.003748323768377304 0.05421237275004387
0.014401473104953766 0.04433445259928703
0.010032854974269867 0.03993607684969902
0.020627379417419434 0.04082886502146721
0.015843119472265244 0.040690090507268906
0.007268056273460388 0.04089779779314995
0.02179398201406002 0.04228481277823448
0.01669551432132721 0.05207965895533562
0.008568577468395233 0.05574141815304756
0.014786671847105026 0.045369263738393784
0.01805967465043068 0.042492594569921494
0.005200047045946121 0.04774628207087517
0.00965801626443863 0.045933302491903305
0.008944012224674225 0.0580117367208004
0.02109808474779129 0.03397113457322121
0.018075350672006607 0.04487646743655205
0.01783069595694542 0.0432363860309124
0.015004385262727737 0.04843588545918465
0.011271331459283829 0.03738177940249443
0.019181102514266968 0.05554933473467827
0.007738858461380005 0.05147300288081169
0.00677880272269249 0.0405401848256588
0.006008855998516083 0.04964886233210564
0.009317535907030106 0.03458311781287193
0.007368054240942001 0.05010981485247612
0.015077129006385803 0.027118545025587082
0.013797584921121597 0.04543646052479744
0.009880401194095612 0.042658645659685135
0.010927783325314522 0.05472647026181221
0.0010923072695732117 0.03235362842679024
0.02839285507798195 0.052033666521310806
0.013706337660551071 0.03555240109562874
0.020867392420768738 0.0471174381673336
0.010197192430496216 0.0615638829767704
0.015291240066289902 0.04883566126227379
0.015449237078428268 0.04200943931937218
0.020963869988918304 0.05623374506831169
0.00411667674779892 0.05521078780293465
0.0101771280169487 0.04204796627163887
0.018195388838648796 0.04409613832831383
0.009645625948905945 0.04699508473277092
0.012483455240726471 0.027946066111326218
0.0029796678572893143 0.04974081739783287
0.01839401200413704 0.04171968623995781
0.01297200471162796 0.03386079892516136
0.026038385927677155 0.025622349232435226
0.010180056095123291 0.03844766691327095
0.011080563068389893 0.04722191020846367
0.014023620635271072 0.03542768582701683
0.01580060087144375 0.03866615518927574
0.021840162575244904 0.04675308242440224
0.004197791218757629 0.05235634371638298
0.00241917185485363 0.05616634711623192
0.02355874329805374 0.04877812787890434
0.034916676580905914 0.041211169213056564
0.031092584133148193 0.03689933940768242
0.02241692692041397 0.03395628556609154
0.021440617740154266 0.048675354570150375
0.020870573818683624 0.051154520362615585
0.019482221454381943 0.041568782180547714
0.00946122407913208 0.05838833376765251
0.03860563784837723 0.04333935305476189
0.007412675768136978 0.05266859009861946
0.002402056008577347 0.051731791347265244
-0.006587602198123932 0.06806976348161697
0.012715384364128113 0.06446310132741928
0.02147221937775612 0.0468071810901165
0.010832354426383972 0.05594832822680473
0.012506920844316483 0.0721343532204628
0.008981429040431976 0.04600251838564873
0.013697419315576553 0.04381735250353813
-0.0012348741292953491 0.051886361092329025
0.02587788924574852 0.040748823434114456
0.01200629398226738 0.044242244213819504
0.017703108489513397 0.0495663546025753
0.015590116381645203 0.05837159976363182
0.020341362804174423 0.045596878975629807
0.025127679109573364 0.05105416104197502
0.005843661725521088 0.05593598261475563
0.02120106667280197 0.06007949635386467
0.018100127577781677 0.0537404827773571
