0.045366689562797546 0.029270272701978683
0.0473116934299469 0.028396304696798325
0.04519551247358322 0.01996615156531334
0.06319481134414673 0.016664501279592514
0.04675126075744629 0.011815096251666546
0.03897734731435776 0.02446184679865837
0.02704858034849167 0.028223317116498947
0.04612842947244644 0.018882106989622116
0.041550956666469574 0.021469350904226303
0.05483678728342056 -0.0013598697260022163
0.04664324223995209 0.013824637047946453
0.050253599882125854 0.004627901129424572
0.03671571612358093 0.02333768829703331
0.043078262358903885 0.0228566937148571
0.048899926245212555 0.013366053812205791
0.043648190796375275 0.013924817554652691
0.04928750544786453 0.013517077080905437
0.017299871891736984 0.035113539546728134
0.03366002440452576 0.028464358299970627
0.044150400906801224 0.020924415439367294
0.049897171556949615 0.008490527980029583
0.02508189156651497 0.02064664289355278
0.05173109471797943 0.02348233386874199
0.042525552213191986 0.024391110986471176
0.05198456719517708 0.007125805132091045
0.038222506642341614 0.027122657746076584
0.03946346044540405 0.02499593421816826
0.04197338968515396 0.031169679015874863
0.045635245740413666 0.021277185529470444
0.03677046671509743 0.025535862892866135
0.042149536311626434 0.02281079813838005
0.035386428236961365 0.017552312463521957
0.039810292422771454 0.02503954991698265
0.04908332601189613 0.021715085953474045
0.03887312486767769 0.0228763185441494
0.031853411346673965 0.02727321907877922
0.04234815016388893 0.02710021659731865
0.04399309679865837 0.027012210339307785
0.04182355850934982 0.03244354948401451
0.03676648437976837 0.02302604541182518
0.04785577207803726 0.015640493482351303
0.04567018151283264 0.031727682799100876
0.041254885494709015 0.014677341096103191
0.04406402260065079 0.022489991039037704
0.038182951509952545 0.013886596076190472
0.05604320019483566 0.016007903963327408
0.04710816964507103 0.013958419673144817
0.054449595510959625 0.022148165851831436
0.03846541792154312 0.024051424115896225
0.0444493368268013 0.020734842866659164
0.06609795987606049 0.030003871768712997
0.05726365000009537 0.008919055573642254
0.05248716101050377 0.01925503835082054
0.05154311656951904 0.012367616407573223
0.03960851952433586 0.027421455830335617
0.04378411918878555 0.01614951714873314
0.05356829613447189 0.021962400525808334
0.05361819639801979 0.009734044782817364
0.04777069762349129 0.02313932403922081
0.043667443096637726 0.010787512175738811
0.0468294620513916 0.024206962436437607
0.03438515588641167 0.039020996540784836
0.061025168746709824 0.0038019372150301933
0.06748580932617188 0.007934208028018475
0.045242007821798325 0.010250101797282696
0.03767670318484306 0.021677549928426743
0.02787720039486885 0.03603404387831688
0.05282323807477951 0.025094199925661087
0.052778251469135284 0.02916743978857994
0.02793220430612564 0.02221907302737236
0.05017593130469322 0.024222221225500107
0.051352206617593765 0.01744535192847252
0.006133213639259338 0.03988082334399223
0.03607283532619476 0.041232895106077194
0.0226532481610775 0.05664265528321266
0.01804221421480179 0.03417801484465599
0.044399961829185486 0.025766003876924515
0.0438816174864769 0.03901856765151024
0.044594794511795044 0.016341980546712875
0.06695576012134552 0.005044932477176189
0.049127258360385895 0.0315285362303257
0.04750506579875946 0.021770108491182327
0.05703914165496826 0.014709467999637127
0.04718021675944328 0.02026308700442314
0.06334760040044785 0.010738450102508068
0.06557276099920273 0.0168733112514019
0.05145581066608429 0.00911508034914732
0.033265579491853714 0.013395081274211407
0.04472532123327255 0.007990541867911816
0.057721592485904694 0.009860123507678509
0.05222473293542862 0.010354201309382915
0.04085475206375122 0.010503421537578106
0.05173269659280777 0.022349681705236435
0.03754287213087082 0.021270018070936203
0.05249899625778198 0.02859438583254814
0.051019661128520966 0.01451979111880064
0.0464269258081913 0.023298989981412888
0.042674846947193146 0.02886098250746727
0.02119770273566246 0.02724655345082283
0.04450026899576187 0.021484430879354477
0.03372228890657425 0.02219974622130394
0.04602169245481491 0.015280227176845074
0.04429769515991211 0.012993047945201397
0.05765166133642197 0.01889028772711754
0.05423352122306824 0.020307045429944992
0.029882587492465973 0.023097123950719833
0.05169117450714111 0.03225501999258995
0.046384721994400024 0.039926912635564804
0.040846843272447586 0.03672502562403679
0.03408869728446007 0.04312249645590782
0.028865091502666473 0.03045877441763878
0.026555847376585007 0.046922098845243454
0.027203865349292755 0.04401091858744621
0.041858918964862823 0.03803601488471031
0.05899906903505325 0.01761254295706749
0.028894521296024323 0.05044957622885704
0.04004430025815964 0.031344812363386154
0.0485554113984108 0.01928764209151268
0.04868375509977341 0.011795769445598125
0.038773588836193085 0.017187844961881638
0.05263344198465347 0.02648336812853813
0.04366983845829964 0.012098650448024273
0.031242232769727707 0.02370433136820793
0.05895306169986725 -0.0006304727867245674
0.0416567400097847 -6.714928895235062e-05
0.04039235785603523 0.01928284391760826
0.04948972538113594 0.013296674005687237
0.05724037438631058 0.0006051016971468925
0.04574458673596382 0.0021930141374468803
0.059111498296260834 0.003876584582030773
0.05550677329301834 0.0006787134334445
0.0547795370221138 0.012140381149947643
0.034297894686460495 0.035773713141679764
0.043479401618242264 0.02019437775015831
0.057404421269893646 0.017200227826833725
0.06098451465368271 0.020998012274503708
0.048555515706539154 0.023044060915708542
0.055860333144664764 0.018983405083417892
0.04198501631617546 0.015458258800208569
0.05748935788869858 0.017234694212675095
0.05308326333761215 0.015333990566432476
0.05064953863620758 0.002556133083999157
0.054826974868774414 0.015935014933347702
0.0279398113489151 0.01560289692133665
0.046064592897892 0.022877108305692673
0.04636771231889725 0.019715990871191025
0.03369841352105141 0.035177718847990036
0.02829068899154663 0.025716524571180344
0.04680193215608597 0.02962547168135643
0.04911193251609802 0.017986204475164413
0.03643184155225754 0.022236671298742294
0.04751529544591904 0.02429318055510521
0.04436323046684265 0.02759024128317833
0.033886946737766266 0.03453102335333824
0.034120671451091766 0.027102869004011154
0.04287944734096527 0.024355795234441757
0.039668574929237366 0.02417873963713646
0.04441491514444351 0.015388871543109417
0.059145327657461166 0.013907442800700665
0.05647406727075577 0.021170970052480698
0.046375878155231476 0.03385164961218834
0.031292788684368134 0.015905391424894333
0.03941660374403 0.016170602291822433
0.05415552482008934 0.014979357831180096
0.038057781755924225 0.03462625667452812
0.054666485637426376 0.004460821859538555
0.04963819682598114 0.023693140596151352
0.04643876478075981 0.023676227778196335
0.05925394594669342 0.009114141575992107
0.03796882927417755 0.03601021692156792
0.046929385513067245 0.019002553075551987
0.04892335832118988 0.03401648625731468
0.05486181378364563 0.01636110618710518
0.03768286854028702 0.022642996162176132
0.03764791786670685 0.02811504527926445
0.03471708297729492 0.019326191395521164
0.054068423807621 0.020964886993169785
0.02624611184000969 0.026780616492033005
0.04451144486665726 0.02217639610171318
0.042874544858932495 0.027425330132246017
0.045869603753089905 0.023325566202402115
0.050209298729896545 0.027078207582235336
0.044217292219400406 0.014393116347491741
0.03680212050676346 0.029984261840581894
0.04203066974878311 0.002565803937613964
0.03846295177936554 0.03591374680399895
0.026387494057416916 0.024441879242658615
0.04316798597574234 0.022652972489595413
0.03295779600739479 0.026296313852071762
0.04576702043414116 0.0327923409640789
0.04617144167423248 0.036369603127241135
0.03723714128136635 0.01903722807765007
0.03978767246007919 0.03236476704478264
0.018828939646482468 0.02845364436507225
0.04360096901655197 0.03828867897391319
0.022808969020843506 0.019477207213640213
0.03234652802348137 0.012861545197665691
0.026967361569404602 0.029095541685819626
0.011972170323133469 0.04001286253333092
0.04934008792042732 0.029472339898347855
0.02515464276075363 0.03388434275984764
0.05947306007146835 -0.003541913814842701
0.021871015429496765 0.03035590425133705
0.03678666800260544 0.030517395585775375
0.043640680611133575 0.003812725655734539
0.040931783616542816 0.001272241584956646
0.00862152874469757 0.028075579553842545
0.04168710112571716 0.016359437257051468
0.021646521985530853 0.022746581584215164
0.003936991095542908 0.039818380028009415
0.038285527378320694 0.021546240895986557
0.01802624762058258 0.0035521341487765312
-0.016439180821180344 0.003537300042808056
0.04052441567182541 0.018367048352956772
0.01575351133942604 -0.00029276032000780106
0.06090361624956131 -0.0111991660669446
0.05809389799833298 -0.011735056526958942
0.018974483013153076 0.010253946296870708
0.019663233309984207 -0.035050708800554276
0.030724629759788513 0.0033852672204375267
0.029322423040866852 0.014855596236884594
0.06480883806943893 0.023878660053014755
0.07002213597297668 -0.004112188704311848
0.03430444374680519 0.036024387925863266
0.058367736637592316 0.033015985041856766
0.05396740138530731 0.0373314805328846
0.019062155857682228 0.050894808024168015
0.03532528877258301 0.03670420125126839
0.036986615508794785 0.04149850830435753
0.025934461504220963 0.04021596536040306
0.05583461374044418 0.021902557462453842
0.0566755048930645 0.034107740968465805
0.04284057766199112 0.017677243798971176
0.03701665252447128 0.03627517446875572
0.03719625622034073 0.028052810579538345
0.04898710176348686 0.025923337787389755
0.04168853163719177 0.024736229330301285
0.05746057257056236 0.015505845658481121
0.05499635636806488 0.04655029997229576
0.04508369415998459 0.025652509182691574
0.039508722722530365 0.03797995671629906
0.04792364314198494 0.023469921201467514
0.04673704504966736 0.030908305197954178
0.030526548624038696 0.04602053388953209
0.05067708343267441 0.018006261438131332
0.028795041143894196 0.02808487042784691
0.0362742654979229 0.02249915525317192
0.03816934674978256 0.022667210549116135
0.03860967606306076 0.028324846178293228
0.04874630644917488 0.019056763499975204
0.02852223627269268 0.03101779893040657
0.01687215268611908 0.04117467626929283
0.026458431035280228 0.024027686566114426
0.0416342169046402 0.031434763222932816
0.04398606717586517 0.02750558778643608
0.026189301162958145 0.04056796059012413
0.042072150856256485 0.023163925856351852
0.045234985649585724 0.021784458309412003
0.04193217679858208 0.03067750856280327
0.031708814203739166 0.0382477305829525
0.03900410979986191 0.02093784138560295
0.039001770317554474 0.0354926697909832
0.039012663066387177 0.035553399473428726
0.03696352615952492 0.039898451417684555
0.03451257944107056 0.03249456360936165
0.030832432210445404 0.028116460889577866
0.033949531614780426 0.03543674573302269
0.03622954338788986 0.037070196121931076
0.027375973761081696 0.04591357335448265
0.03440050408244133 0.043255310505628586
0.02677738294005394 0.044819917529821396
0.04087085276842117 0.04252491518855095
0.04013562947511673 0.042668621987104416
0.04219479858875275 0.0428745336830616
0.04273013025522232 0.031273048371076584
0.04526389762759209 0.026408981531858444
0.04960308596491814 0.025194820016622543
0.04149339720606804 0.031132813543081284
0.04756728559732437 0.015872519463300705
0.03980230540037155 0.017431702464818954
0.03771621733903885 0.01966485008597374
0.035366784781217575 0.020387660712003708
0.04354386031627655 0.03349393233656883
0.0474424883723259 0.02742924913764
0.04757656157016754 0.01659814640879631
0.02119532972574234 0.011417846195399761
0.04052358865737915 0.01808967813849449
0.04290919005870819 0.01556242536753416
0.04009232297539711 0.02932947501540184
0.062437258660793304 0.012666980735957623
0.041924990713596344 0.024838220328092575
0.03724679350852966 0.03109614923596382
0.04506760090589523 0.03526754304766655
0.035390548408031464 0.03951875492930412
0.03354150429368019 0.027093764394521713
0.036366961896419525 0.021701093763113022
0.0498688779771328 0.021749448031187057
0.020414764061570168 0.02832820639014244
0.03088083118200302 0.02413768693804741
0.04892634600400925 0.020696934312582016
0.048372820019721985 0.011341462843120098
0.051686063408851624 0.019094008952379227
0.047777578234672546 0.024514134973287582
0.05138316750526428 0.017764728516340256
0.05228089541196823 0.015404517762362957
0.04760926216840744 0.011342237703502178
0.04304075241088867 0.021838005632162094
0.045405954122543335 0.025202419608831406
0.0569286122918129 0.0143791688606143
0.043822288513183594 0.013367990963160992
0.047207027673721313 0.0077038658782839775
0.05570552498102188 0.021168868988752365
0.03307795897126198 0.03408193215727806
0.02810821682214737 0.019109364598989487
0.03298318013548851 0.0450890026986599
0.030483335256576538 0.035272564738988876
0.04122539609670639 0.025638166815042496
0.0475880429148674 0.02696889266371727
0.049338437616825104 0.0427536778151989
0.04439700394868851 0.044323306530714035
0.04511850327253342 0.03515235707163811
0.056063517928123474 0.0247807614505291
0.04463087022304535 0.006631235592067242
0.050023023039102554 0.012279356829822063
0.05608679726719856 0.024055179208517075
0.051058992743492126 0.02552548423409462
0.05051279440522194 0.022852297872304916
0.048291370272636414 0.010446618311107159
0.04299812763929367 0.025151338428258896
0.03388931229710579 0.027378495782613754
0.041189052164554596 0.01831241324543953
0.048590585589408875 0.01459693443030119
0.037099551409482956 0.024580899626016617
0.04885793477296829 0.015036973170936108
0.06255218386650085 0.010878319852054119
0.060646139085292816 0.016766782850027084
0.05046088248491287 0.02884231135249138
0.031295184046030045 0.023904409259557724
0.044657640159130096 0.027940910309553146
0.03561730682849884 0.02162238582968712
0.05084182694554329 0.015526379458606243
0.047891534864902496 0.016851212829351425
0.03454965353012085 0.013201977126300335
0.046994104981422424 0.02827007696032524
0.05034084618091583 0.02502204105257988
0.05257469415664673 0.022116851061582565
0.04391909018158913 0.015148247592151165
0.052484892308712006 0.018137868493795395
0.04689085856080055 0.02664950117468834
0.05687218904495239 0.023375820368528366
0.053099192678928375 0.02143041417002678
0.05742339789867401 0.027508821338415146
0.04917898029088974 0.018545370548963547
0.04878266900777817 0.022578876465559006
0.04939863085746765 0.00544437300413847
0.051139429211616516 0.01705874130129814
0.05056900158524513 0.008587668649852276
0.044832535088062286 0.021723013371229172
0.05184056609869003 0.009687776677310467
0.04536274075508118 0.01003545057028532
0.05651815980672836 0.008896718733012676
0.06425828486680984 0.024531137198209763
0.05628652125597 0.015342595987021923
0.04852553457021713 0.02548884227871895
0.054053448140621185 0.02073734626173973
0.05355660244822502 0.012147854082286358
0.05917768180370331 0.015033136121928692
0.0533551350235939 0.036441247910261154
0.04823705554008484 0.04023204371333122
0.0449129119515419 0.033060576766729355
0.048730820417404175 0.034137625247240067
0.035794440656900406 0.031278591603040695
0.05500787869095802 0.02115413174033165
0.042583778500556946 0.01679106429219246
0.0462123304605484 0.019149165600538254
0.04786081612110138 0.017008360475301743
0.04271266981959343 0.028895001858472824
0.0252094604074955 0.03460083529353142
0.04470279440283775 0.012722413055598736
0.05534570664167404 0.012476901523768902
0.056662656366825104 0.0323670469224453
0.050758082419633865 0.02260509505867958
0.042255595326423645 0.04401865229010582
0.03305818885564804 0.02816234901547432
0.04111415892839432 0.02828262373805046
0.031552623957395554 0.01197726558893919
0.04643627256155014 0.01894840970635414
0.04307142645120621 0.02780335769057274
0.02795564755797386 0.02417774125933647
0.01831093430519104 0.031004007905721664
0.04096760228276253 0.024703707545995712
-0.0016058310866355896 0.046260323375463486
0.028776630759239197 0.038999829441308975
0.022934868931770325 0.027960624545812607
0.0378979854285717 0.038099344819784164
0.03260602802038193 0.023905020207166672
0.04887126386165619 0.01709591969847679
0.04532034322619438 0.04053919389843941
0.026422522962093353 0.020556431263685226
0.033424437046051025 0.039599787443876266
0.04545470327138901 0.018582340329885483
0.04229310154914856 0.021796759217977524
0.04010990262031555 0.033526238054037094
0.056740403175354004 0.03233761712908745
0.02531837299466133 0.029868166893720627
0.028531931340694427 0.0231449194252491
0.0521324947476387 0.013202804140746593
0.05411462485790253 0.02278841659426689
0.047002438455820084 0.0197601281106472
0.04469849169254303 0.02845195308327675
0.051437024027109146 0.01800694689154625
0.04243683069944382 0.031878840178251266
0.03680355101823807 0.02214723452925682
0.050441138446331024 0.038562651723623276
0.04854544624686241 0.007627706043422222
0.04705895110964775 0.035951342433691025
0.058283351361751556 0.02336743101477623
0.04851073771715164 0.015431026928126812
0.04254531115293503 0.021475668996572495
0.03713731840252876 0.012685771100223064
0.04122639074921608 0.029816266149282455
0.013889191672205925 0.045967262238264084
0.044768720865249634 0.038747768849134445
0.033411309123039246 0.037693385034799576
0.049893543124198914 0.02987007424235344
0.023313865065574646 0.026648666709661484
0.03971453756093979 0.023654993623495102
0.03363129124045372 0.024448048323392868
0.03463006019592285 0.015420685522258282
0.027388527989387512 0.023227576166391373
0.034916430711746216 0.022408928722143173
0.04328387230634689 0.017953846603631973
0.051795586943626404 0.019399207085371017
0.04196828603744507 0.007435719482600689
0.03302549570798874 0.03701038286089897
0.024241872131824493 0.031060468405485153
0.03632638603448868 0.04139573499560356
0.038292743265628815 0.036914926022291183
0.035845138132572174 0.05025338754057884
0.03283442556858063 0.0432426892220974
0.033428169786930084 0.05335625633597374
0.024952895939350128 0.04060649499297142
0.034796588122844696 0.035658542066812515
0.027060668915510178 0.022719796746969223
0.03528226912021637 0.031321827322244644
0.042427755892276764 0.027790989726781845
0.04404454678297043 0.02015375718474388
0.02371400222182274 0.03321770951151848
0.022489629685878754 0.02940448746085167
0.037349384278059006 0.03863949701189995
0.04756424203515053 0.028012733906507492
0.05689849704504013 0.018585871905088425
0.04595740884542465 0.0021013272926211357
0.05206134170293808 0.015500049106776714
0.042051542550325394 -0.003281925804913044
0.03035503625869751 0.02482890710234642
0.04448626935482025 0.018554743379354477
0.02829834446310997 0.03340856358408928
0.04823848977684975 0.0245848186314106
0.05499471724033356 0.0037544770166277885
0.04651697725057602 0.027349937707185745
0.047704100608825684 0.010179008357226849
0.03480501472949982 0.040635671466588974
0.0454409122467041 0.0079285753890872
0.03782445937395096 0.03314395621418953
0.05543581396341324 -0.006792780943214893
0.04086504131555557 0.01811240240931511
0.029227636754512787 0.020763810724020004
0.028836406767368317 0.030876923352479935
0.05049818009138107 0.022929485887289047
0.047551415860652924 0.01996588334441185
0.040262866765260696 0.018502067774534225
0.05147099122405052 0.02483425661921501
0.04540287330746651 0.014416682533919811
0.02969137206673622 0.015535409562289715
0.026525601744651794 0.041187774389982224
0.029292002320289612 0.01997963711619377
0.029728993773460388 0.031873058527708054
0.03427610546350479 0.02810497209429741
0.016940582543611526 0.024019848555326462
0.03384508192539215 0.018287036567926407
0.010820068418979645 0.030981656163930893
0.03384186327457428 -0.006227527745068073
0.04688439518213272 -0.0005352543666958809
0.03248056024312973 0.008783440105617046
0.04284375160932541 0.05081719532608986
0.011480644345283508 0.035261716693639755
0.03360515087842941 0.001110064797103405
0.02769310772418976 0.05033324286341667
0.04377931356430054 0.014989974908530712
0.01005546748638153 0.047879744321107864
0.03359208256006241 0.021963823586702347
0.039060477167367935 -0.00437589455395937
0.037051375955343246 0.04869692400097847
0.0016609206795692444 0.0213567353785038
0.04241292178630829 -0.010083754546940327
0.048933759331703186 0.001832752488553524
0.019883599132299423 -0.004892122931778431
0.00552835687994957 0.046451736241579056
0.031934551894664764 0.03022747114300728
0.034961942583322525 0.019032366573810577
0.05494258552789688 0.017316367477178574
0.029496364295482635 0.02141287550330162
0.023556582629680634 0.022565968334674835
-0.002908937633037567 0.04591187462210655
0.029189251363277435 0.014329719357192516
0.03608400374650955 0.010998050682246685
0.038162458688020706 0.027706008404493332
0.01779141277074814 0.00963583867996931
0.030906543135643005 -0.013646469451487064
0.003981821238994598 0.018932964652776718
0.027240876108407974 0.010981823317706585
0.02083062380552292 0.0014493493363261223
0.034922607243061066 0.032387662678956985
0.024782415479421616 0.0003067580983042717
0.042475149035453796 0.010395619086921215
0.038191765546798706 0.009315992705523968
0.02728572115302086 0.027202051132917404
0.045135822147130966 0.006311352364718914
0.047937698662281036 -0.006717425771057606
0.0479993000626564 0.03098493069410324
0.03729169815778732 -0.030177399516105652
0.01898927241563797 0.029658492654561996
0.03904508799314499 0.04153802990913391
0.029574498534202576 -0.015075364150106907
-0.01913793385028839 0.010577651672065258
0.03738517686724663 -0.02211669459939003
0.05387406423687935 0.023224223405122757
0.03888827562332153 -0.019820261746644974
0.04529450461268425 0.0036955056712031364
0.01269751787185669 0.007142658345401287
0.021719008684158325 0.0003041541203856468
0.025808781385421753 -0.00026815105229616165
0.019881360232830048 0.004155959002673626
0.027813676744699478 0.052042510360479355
0.02348484843969345 0.05556608363986015
0.027532123029232025 0.039505667984485626
0.01134241372346878 0.004350299946963787
0.022124014794826508 0.005989129655063152
0.022180788218975067 0.0414271280169487
0.006769880652427673 -0.0016316035762429237
-0.0021834298968315125 0.048748210072517395
0.025612428784370422 0.02549382671713829
0.04490485042333603 -0.007575620897114277
0.04639016464352608 0.007860983721911907
0.023080933839082718 0.03315960243344307
0.031941987574100494 0.03575552627444267
0.024263396859169006 0.04863974079489708
0.028237827122211456 0.01636175438761711
0.027830637991428375 0.026329848915338516
0.03726561367511749 0.020594540983438492
0.03455844148993492 0.0297987200319767
0.03395524248480797 0.03325943276286125
0.029358837753534317 0.03502986952662468
0.016952745616436005 0.021030303090810776
0.04023895412683487 0.026670899242162704
0.02420090138912201 0.04031297191977501
0.03408513218164444 0.00925395917147398
0.039084337651729584 0.01853957399725914
0.026499003171920776 0.03663095459342003
0.04088785499334335 0.0002893386408686638
0.046020448207855225 0.025698240846395493
0.03644833713769913 0.026414480060338974
0.025856919586658478 0.05307473614811897
0.018938753753900528 0.03990812972187996
0.04324090853333473 0.03714626654982567
0.03304661065340042 0.04683806374669075
0.03310893848538399 0.023490015417337418
0.02847125753760338 0.03877129778265953
0.04072919487953186 0.01866985484957695
0.0416225790977478 0.030090462416410446
0.05358418822288513 0.018945809453725815
0.03528222441673279 0.032176073640584946
0.04627789184451103 0.007597814314067364
0.03467336297035217 0.02775929495692253
0.03405172750353813 0.022647809237241745
0.03219671547412872 0.030811917036771774
0.025900833308696747 0.037215378135442734
0.02303052321076393 0.029420945793390274
0.042719610035419464 0.030838634818792343
0.038206927478313446 0.02636592462658882
0.015605568885803223 0.014777029864490032
0.04351354390382767 0.020773421972990036
0.030841164290905 0.020172711461782455
0.040322139859199524 0.017541933804750443
0.03035389631986618 0.027668539434671402
0.02677692472934723 0.04570034518837929
0.0297544002532959 0.0405539833009243
0.027168698608875275 0.023558493703603745
0.029930509626865387 0.02371581271290779
0.010453697293996811 0.02788359299302101
0.044239506125450134 0.030290495604276657
0.03545035421848297 0.03406776115298271
0.04965318739414215 0.022611457854509354
0.0359162837266922 -0.00032511819154024124
0.047168098390102386 0.014691325835883617
0.043514616787433624 0.03262680396437645
0.032941535115242004 0.04354393109679222
0.046939652413129807 0.029773395508527756
0.04661719501018524 0.03304527327418327
0.05187031626701355 0.02663424238562584
0.0320582315325737 0.027924764901399612
0.03448975831270218 0.017374269664287567
0.02138296142220497 0.019624847918748856
0.029025070369243622 0.0004984093829989433
0.028105664998292923 0.032583337277173996
0.04722975939512253 0.030738990753889084
0.03512484207749367 0.012888113968074322
0.024528630077838898 0.03568543866276741
0.03325802832841873 0.008563871495425701
0.06562357395887375 0.006507779471576214
0.0445045568048954 0.011052499525249004
0.025478553026914597 0.02309916540980339
0.029422592371702194 -0.006228932179510593
0.02632617950439453 0.00288438331335783
0.028270669281482697 0.03428959473967552
0.0563182532787323 0.01185991894453764
0.036063529551029205 0.033268142491579056
0.03777419030666351 0.040959376841783524
0.025798149406909943 0.029559578746557236
0.028948090970516205 0.04811057075858116
0.0497293695807457 0.04176999256014824
0.04237409681081772 0.04209223762154579
0.049763038754463196 0.04154753312468529
0.05241633951663971 0.029567044228315353
0.05200992524623871 0.025739964097738266
0.04885213077068329 0.029002662748098373
0.03736700490117073 0.026032675057649612
0.049828507006168365 0.027751345187425613
0.03954559564590454 0.024359431117773056
0.05006009340286255 0.018882688134908676
0.03405476734042168 0.0396784283220768
0.049823958426713943 0.03110026940703392
0.041773952543735504 0.040120694786310196
0.03186831623315811 0.048703279346227646
0.04050339013338089 0.026862386614084244
0.04214010387659073 0.036949705332517624
0.06838633865118027 0.007403369061648846
0.02895403280854225 0.033127572387456894
0.035308487713336945 0.029522698372602463
0.03401820734143257 0.02114739641547203
0.052771128714084625 0.02732240781188011
0.040872275829315186 0.0322103314101696
0.04785536974668503 0.03303706273436546
0.05105573683977127 0.041458215564489365
0.04284801334142685 0.024747397750616074
0.04629049077630043 0.021611269563436508
0.03949743136763573 0.014939199201762676
0.039609991014003754 0.026422586292028427
0.028747370466589928 0.025305617600679398
0.04536549001932144 0.019339021295309067
0.05165838077664375 0.009897592477500439
0.052348777651786804 0.014787997119128704
0.05399917811155319 0.0009298129007220268
0.03750172629952431 0.003599087707698345
0.02968982607126236 0.02304781600832939
0.026742249727249146 0.03487814590334892
0.02162162959575653 0.02468050643801689
0.04281975328922272 0.013415220193564892
0.02167603373527527 0.017932724207639694
0.03722580894827843 0.007223273627460003
0.03201117366552353 0.009829389862716198
0.037828266620635986 0.029575977474451065
0.02950841560959816 0.014636348001658916
0.0436539463698864 0.015194292180240154
0.02103433758020401 0.024883311241865158
0.026817984879016876 0.030901629477739334
0.035171911120414734 0.013737293891608715
0.044470615684986115 0.007718036882579327
0.04762180149555206 0.02731158956885338
0.024510882794857025 0.03404833748936653
0.03695445880293846 0.01428657304495573
0.0391877219080925 0.029371585696935654
0.03478321433067322 0.0242079459130764
0.03272586315870285 0.021251585334539413
0.038566939532756805 0.01959611102938652
0.049703922122716904 0.018244903534650803
0.0289810411632061 0.02736682817339897
0.05755811184644699 0.02692713961005211
0.03761265426874161 0.019094418734312057
0.029878884553909302 0.03482392057776451
0.02976933866739273 0.03985198959708214
0.045031674206256866 0.0181279294192791
0.06474274396896362 -0.003206108696758747
0.027964584529399872 0.015005509369075298
0.04925790801644325 0.025525446981191635
0.04718765243887901 0.011026467196643353
0.053915634751319885 0.009780804626643658
0.054053567349910736 0.022845041006803513
0.04636295884847641 0.015526379458606243
0.04533925652503967 0.02015053853392601
0.034765832126140594 0.022140096873044968
0.04069987311959267 0.007232259027659893
0.057410694658756256 0.005517373792827129
0.043237678706645966 0.027875613421201706
0.03320480138063431 0.024101141840219498
0.047631315886974335 0.006903092376887798
0.029077675193548203 0.011784057132899761
0.028717603534460068 0.014565135352313519
0.02530524879693985 0.00891896616667509
0.03676574304699898 0.009572933427989483
0.034534819424152374 0.023676957935094833
0.038748849183321 0.011684651486575603
0.026119112968444824 0.024690646678209305
0.04082081839442253 0.014444763772189617
0.05512429028749466 0.015801142901182175
0.036947451531887054 0.005582178942859173
0.01413775235414505 0.02213948592543602
0.04658809304237366 0.023182984441518784
0.05606275051832199 0.023783084005117416
0.023014985024929047 0.008805002085864544
0.016913454979658127 0.03620222583413124
0.03154155984520912 0.016558993607759476
0.04288049042224884 0.023800130933523178
0.03425513580441475 0.0196094773709774
0.048304758965969086 0.025669250637292862
0.013890482485294342 0.03785901144146919
0.052331775426864624 0.0018769456073641777
0.034897614270448685 0.02304641529917717
0.028225809335708618 0.030863609164953232
0.0326441153883934 0.028726834803819656
0.03646894916892052 0.02845120057463646
0.05479700118303299 0.028043974190950394
0.03407931327819824 0.016701344400644302
0.041328638792037964 0.030787933617830276
0.03740948811173439 0.007579336874186993
0.04532855376601219 0.015482592396438122
0.0395466685295105 0.01506019663065672
0.03663751855492592 0.022611524909734726
0.04092487320303917 0.015730392187833786
0.03841105103492737 0.02994934841990471
0.04063331335783005 0.02762439474463463
0.04486865550279617 0.03864535316824913
0.044905051589012146 0.028640713542699814
0.03540404886007309 0.0231904499232769
0.04989645630121231 0.028483908623456955
0.03458458557724953 0.015992533415555954
0.03505687415599823 0.017987307161092758
0.0507688969373703 0.02252432331442833
0.05057188495993614 0.03728896751999855
0.0539846271276474 0.017991822212934494
0.04536906257271767 0.023469384759664536
0.040500856935977936 0.02706873044371605
0.04514104127883911 0.02763492986559868
0.039470233023166656 0.028686147183179855
0.05463395267724991 0.006524886004626751
0.05564258247613907 0.014451052062213421
0.04678533226251602 0.028083402663469315
0.04038561135530472 0.014765406958758831
0.04275023192167282 0.028289970010519028
0.03676709532737732 0.013445432297885418
0.04600707069039345 0.022481795400381088
0.05136862397193909 0.02089190110564232
0.05026943236589432 0.002983781509101391
0.05427161604166031 0.02145479992032051
0.05527855455875397 0.01293655764311552
0.04220559448003769 0.018950488418340683
0.04592642933130264 0.02787071093916893
0.037685640156269073 0.01786009594798088
0.04559207707643509 0.03272997960448265
0.053238995373249054 0.015640851110219955
0.033495429903268814 0.008921842090785503
0.04077737405896187 0.03840829059481621
0.04073314368724823 0.04240379109978676
0.025531798601150513 0.03193732723593712
0.025749176740646362 0.03659249469637871
0.02531185746192932 0.03207319602370262
0.040007106959819794 0.02862626686692238
0.02740047127008438 0.02630126103758812
0.038249414414167404 0.032831426709890366
0.04909951239824295 0.024945568293333054
0.04151330888271332 0.0127723915502429
0.03347485512495041 0.03220769390463829
0.031707894057035446 0.03548367694020271
0.048070941120386124 0.01731976494193077
0.05726856738328934 0.024059724062681198
0.03904736787080765 0.02914884313941002
0.04800419881939888 0.009247425012290478
0.058092884719371796 0.010839465074241161
0.051593996584415436 0.03136109188199043
0.050365954637527466 0.034532275050878525
0.03083910048007965 0.022562380880117416
0.043212346732616425 0.012019614689052105
0.030042655766010284 0.028937701135873795
0.05084874480962753 0.023755963891744614
0.041498735547065735 0.026994455605745316
0.054248109459877014 0.031186264008283615
0.03500921279191971 0.021777193993330002
0.04605211690068245 0.029071088880300522
0.046592582017183304 0.030027341097593307
0.04979696124792099 0.03258378431200981
0.05120237544178963 0.01828155294060707
0.05175274237990379 0.0006595654413104057
0.048316944390535355 0.018521007150411606
0.047604888677597046 0.016342852264642715
0.05136949568986893 0.026424627751111984
0.04003981128334999 0.028943326324224472
0.04437534883618355 0.03366808220744133
0.03544708341360092 0.023170020431280136
0.04955364018678665 0.02851347252726555
0.040358833968639374 0.021171998232603073
0.03545159474015236 0.02942153438925743
0.05243435874581337 0.006868991069495678
0.04045117646455765 0.01068402361124754
0.044484011828899384 0.0396895669400692
0.04481227323412895 0.016833927482366562
0.04418613761663437 0.015047664754092693
0.047277167439460754 0.02771851047873497
0.04688115790486336 0.014654318802058697
0.06178267300128937 0.03472867235541344
0.0378006249666214 0.02831101045012474
0.026857011020183563 0.04114743694663048
0.017575189471244812 0.05370134487748146
0.03471735492348671 0.027002956718206406
0.020505264401435852 0.04996463283896446
0.03986402228474617 0.04576283320784569
0.04516265541315079 0.021259989589452744
0.042175982147455215 0.03862696513533592
0.04762241989374161 0.028340768069028854
0.04995179921388626 0.0393514446914196
0.05755871534347534 0.019040565937757492
0.044676195830106735 0.03041231259703636
0.03969067707657814 0.041604626923799515
0.05507716163992882 0.010126139037311077
0.05289218947291374 0.014728466980159283
0.05295800417661667 0.021201323717832565
0.05575273185968399 0.017513688653707504
0.03800546005368233 0.028653141111135483
0.029262296855449677 0.027186986058950424
0.03682107478380203 0.030595015734434128
0.061708204448223114 0.027791645377874374
0.039746567606925964 0.029139529913663864
0.058271560817956924 0.023283090442419052
0.044570792466402054 0.01811228320002556
0.04404342919588089 0.0122429383918643
0.05866808071732521 -0.003114764578640461
0.03849553316831589 0.022533860057592392
0.061998311430215836 0.024836767464876175
0.03474172204732895 0.04177924618124962
0.04611337557435036 0.019956614822149277
0.048193976283073425 0.012281487695872784
0.04034150019288063 0.029745575040578842
0.03858201950788498 0.02728739008307457
0.050514087080955505 0.0241151861846447
0.0366121381521225 0.025092754513025284
0.05903062969446182 0.024485643953084946
0.03235084190964699 0.026059281080961227
0.047322772443294525 0.021183665841817856
0.038375481963157654 0.015386844985187054
0.0456901416182518 0.010373811237514019
0.06266311556100845 0.008409376256167889
0.04807330667972565 0.012418012134730816
0.03642807900905609 0.0232999287545681
0.02108374796807766 0.0237673781812191
0.04393312707543373 0.0174851231276989
0.042280055582523346 0.02236058935523033
0.039841558784246445 0.027007874101400375
0.036699388176202774 0.019966181367635727
0.050233565270900726 0.028551753610372543
0.04075118154287338 0.020411726087331772
0.037524931132793427 0.029944751411676407
0.043324995785951614 0.0173671655356884
0.051513344049453735 0.024345386773347855
0.04513312876224518 0.02980838343501091
0.041851405054330826 0.021804239600896835
0.04527829959988594 0.01159037183970213
0.01511094719171524 0.031534258276224136
0.028625357896089554 0.05299439653754234
0.04025822505354881 0.04457114264369011
0.040193695574998856 0.044458743184804916
0.03357407823204994 0.03756856545805931
0.03497733920812607 0.0193496011197567
0.033800337463617325 0.021118130534887314
0.02354295551776886 0.02146148309111595
0.05130498856306076 0.03254934772849083
0.0299086831510067 0.046116989105939865
0.04473105072975159 0.02038642391562462
0.034785620868206024 0.028749998658895493
0.03963800519704819 0.010728615336120129
0.042827676981687546 0.025982197374105453
0.0452052503824234 0.023876894265413284
0.06008074805140495 0.01779281720519066
0.034469760954380035 0.039254870265722275
0.02459731325507164 0.036331888288259506
0.03461340814828873 0.032299529761075974
0.029107341542840004 0.025262970477342606
0.041914839297533035 0.038242410868406296
0.03295327350497246 0.02682514861226082
0.036678194999694824 0.026146065443754196
0.03946181386709213 0.03125482425093651
0.03826819360256195 0.01960628852248192
0.029370419681072235 0.02334701642394066
0.04919140785932541 0.013788784854114056
0.03262583911418915 0.03691769763827324
0.04081862419843674 0.031700488179922104
0.04029844328761101 0.03046327456831932
0.0517321452498436 0.02759663388133049
0.053860291838645935 0.02148379012942314
0.05549994111061096 0.02112415060400963
0.04192252457141876 0.019524041563272476
0.045734845101833344 0.028412919491529465
0.04726468771696091 0.021717596799135208
0.037532418966293335 0.04726332053542137
0.04218006134033203 0.017665889114141464
0.028377585113048553 0.043913450092077255
0.04801499471068382 0.028908710926771164
0.046653348952531815 0.014216306619346142
0.034078095108270645 0.026459094136953354
0.057225361466407776 0.024050403386354446
0.03941185399889946 0.023874249309301376
0.03691510483622551 0.013916547410190105
0.05360201746225357 0.017179276794195175
0.023758545517921448 0.01680823788046837
0.054060108959674835 0.017026331275701523
0.03882632404565811 0.02822956070303917
0.027054332196712494 0.01863216981291771
0.02943245694041252 0.041652943938970566
0.04616003483533859 0.02206183597445488
0.01865038275718689 0.03686794266104698
0.03571128100156784 0.022860612720251083
0.03925440460443497 0.02181560918688774
0.049722298979759216 0.031014930456876755
0.04274889826774597 0.03932591900229454
0.029382996261119843 0.03905715420842171
0.056075699627399445 0.025553222745656967
0.047998733818531036 0.03404846414923668
0.04237204045057297 0.0353408120572567
0.05379901081323624 0.025563951581716537
0.047839853912591934 0.012079591862857342
0.038501106202602386 0.026630017906427383
0.025995634496212006 0.03916690871119499
0.045775510370731354 0.017686989158391953
0.04325304180383682 0.008368398062884808
0.03992939740419388 0.023525770753622055
0.04523283988237381 0.014168704859912395
0.05437421053647995 0.01052411925047636
0.04527788981795311 0.023986753076314926
0.035317517817020416 0.004357154481112957
0.032432399690151215 0.015432517044246197
0.03789081424474716 0.015011276118457317
0.04497629031538963 0.032989855855703354
0.043655361980199814 0.01733877882361412
0.054292310029268265 0.024583783000707626
0.046096883714199066 0.013860362581908703
0.044719718396663666 0.027846749871969223
0.06489782780408859 0.01638750359416008
0.038069166243076324 0.021454039961099625
0.0513300821185112 0.008004899136722088
0.04156969115138054 0.004915173165500164
0.03975363075733185 0.0215335451066494
0.03571697697043419 0.032910194247961044
0.04721765220165253 0.02249566838145256
0.03252285346388817 0.02159234508872032
0.023344535380601883 0.020151522010564804
0.033369168639183044 0.024823587387800217
0.0498201847076416 0.0248367078602314
0.03781428188085556 0.030353855341672897
0.027401424944400787 0.035870183259248734
0.03867087513208389 0.04213130101561546
0.05522090941667557 0.018659967929124832
0.04386305809020996 0.024004656821489334
0.0360020250082016 0.03174183890223503
0.021947547793388367 0.031476084142923355
0.02930515632033348 0.035110119730234146
0.04827024042606354 0.016042795032262802
0.013803157955408096 0.049845140427351
0.019972562789916992 0.0481841154396534
0.02022355981171131 0.023379694670438766
0.030013199895620346 0.039866771548986435
0.025561712682247162 0.026931684464216232
0.04965605214238167 0.06145371124148369
0.03853444755077362 0.017419245094060898
0.035660915076732635 0.032774973660707474
0.02559637278318405 0.04098953679203987
0.04025623947381973 0.01393147837370634
0.03905528038740158 0.04399285838007927
0.03552062436938286 0.0415131114423275
0.03163958713412285 0.030732806771993637
0.02938343584537506 0.03866702690720558
0.04841006547212601 0.015125150792300701
0.03824238479137421 0.02384014055132866
0.0444348007440567 0.030480701476335526
0.035684242844581604 0.0525675006210804
0.06003560498356819 0.018287938088178635
0.04137824848294258 0.020097363740205765
0.031211432069540024 0.03185879811644554
0.042154066264629364 0.011341179721057415
0.028535090386867523 0.0073731569573283195
0.01662503369152546 0.04269443824887276
0.028987355530261993 0.014803777448832989
0.03956151008605957 0.02143486961722374
0.03662716597318649 0.04229151830077171
0.02866467274725437 0.03736428543925285
0.03617646545171738 0.0315818153321743
0.03249567002058029 0.026810672134160995
0.032181303948163986 0.03670923039317131
0.029568899422883987 0.02856169268488884
0.024062801152467728 0.02713073417544365
0.028225254267454147 0.033956173807382584
0.0317830815911293 0.03649577125906944
0.011873025447130203 0.044662993401288986
0.045235127210617065 0.01930611953139305
0.05620782822370529 0.024553585797548294
0.04170971363782883 0.04623640701174736
0.02632773295044899 0.01749439910054207
0.04754815623164177 0.038701098412275314
0.026677250862121582 0.05010303482413292
0.030394041910767555 0.02612319216132164
0.04250427335500717 0.023258637636899948
0.04911094158887863 0.022192422300577164
0.05435512959957123 0.030274827033281326
0.027316030114889145 0.027712326496839523
0.024190213531255722 0.031476061791181564
0.028784416615962982 0.03542351350188255
0.05010790750384331 0.01988428458571434
0.036820217967033386 0.031524162739515305
0.030811525881290436 0.02051253244280815
0.02053321897983551 0.026313941925764084
0.046410128474235535 0.020450230687856674
0.0325256809592247 0.03841623291373253
0.028065375983715057 0.04766101762652397
0.038630880415439606 0.04110407456755638
0.037454474717378616 0.029993664473295212
0.05449070781469345 0.020006787031888962
0.044134434312582016 0.027515511959791183
0.05481157824397087 0.015347245149314404
0.044200681149959564 0.011607508175075054
0.04369540512561798 0.02728336676955223
0.050328176468610764 0.015114123933017254
0.04739086329936981 0.01738196238875389
0.05537452548742294 0.011978263966739178
0.04758945852518082 0.021992173045873642
0.04631998762488365 0.01442686002701521
0.04344325140118599 0.026511143893003464
0.04412291944026947 0.016403060406446457
0.06001363694667816 0.033056799322366714
0.040076084434986115 0.017580796033143997
0.05790542811155319 0.012581254355609417
0.03221428394317627 0.022440921515226364
0.02754545956850052 0.029983263462781906
0.04383786767721176 0.011811773292720318
0.05514540523290634 0.014872069470584393
0.04850419610738754 0.009120951406657696
0.04256053268909454 0.02005479857325554
0.048742569983005524 0.024621810764074326
0.049984775483608246 0.01727057620882988
0.05760859698057175 0.013774747960269451
0.05980697274208069 0.013766194693744183
0.04088355600833893 0.018900688737630844
0.05050274729728699 0.00983541738241911
0.04768699035048485 0.018852557986974716
0.044930242002010345 0.021136026829481125
0.053223151713609695 0.009508776478469372
0.03547999635338783 0.02641129121184349
0.03918088600039482 0.030768077820539474
0.04667837545275688 0.027161236852407455
0.03431510925292969 0.03265312686562538
0.044386785477399826 0.014270360581576824
0.04197254404425621 0.023570340126752853
0.035082779824733734 0.02129688486456871
0.02465759962797165 0.049858253449201584
0.029154900461435318 0.03339054808020592
0.05287591367959976 0.023326437920331955
0.03795566037297249 0.013719658367335796
0.03126921132206917 0.021622750908136368
0.028992274776101112 0.018843550235033035
0.0326797217130661 0.01915716752409935
0.0505242720246315 0.024694856256246567
0.03161120414733887 0.03185994550585747
0.030103739351034164 0.03356608375906944
0.022304438054561615 0.0349111370742321
0.03179691731929779 0.02528258040547371
0.015652678906917572 0.0336010716855526
0.056235894560813904 0.00907150935381651
0.05502337962388992 0.020217489451169968
0.05711502581834793 0.027522679418325424
0.03400174528360367 0.04373932257294655
0.052622951567173004 0.019793178886175156
0.034474149346351624 0.010400782339274883
0.052265800535678864 0.020211536437273026
0.04104136675596237 0.015506948344409466
0.03710264712572098 0.03899600729346275
0.025898613035678864 0.03820785507559776
0.0495414063334465 0.009445960633456707
0.05854548141360283 0.01874210312962532
0.05435473471879959 0.019256066530942917
0.04710553586483002 0.0022390885278582573
0.04758615046739578 -0.007306043989956379
0.05436650663614273 0.018451418727636337
0.030400916934013367 0.026739206165075302
0.036167386919260025 0.02451412007212639
0.036088258028030396 0.041570235043764114
0.04919157177209854 0.025033455342054367
0.050720274448394775 0.02572626993060112
0.043154001235961914 0.02023382857441902
0.057869382202625275 0.017793338745832443
0.04239196330308914 0.024938981980085373
0.03430099040269852 0.024165447801351547
0.047311000525951385 0.03154913708567619
0.049690619111061096 0.02728893980383873
0.0453529879450798 0.024696100503206253
0.06017129868268967 0.0127551956102252
0.03462810069322586 0.01730291172862053
0.05067901313304901 0.02719515934586525
0.03807378187775612 0.018954124301671982
0.04553888365626335 0.018369290977716446
0.04821338504552841 0.021642711013555527
0.046498268842697144 0.025036003440618515
0.04958329349756241 0.023481708019971848
0.05132206529378891 0.026968207210302353
0.052823811769485474 0.012882675044238567
0.046527545899152756 0.02961321547627449
0.04394202679395676 0.026980441063642502
0.04993709176778793 0.021026667207479477
0.0462983176112175 0.023070689290761948
0.04800501838326454 0.027057182043790817
0.03587159141898155 0.02621372416615486
0.04861615598201752 0.019437048584222794
0.030375564470887184 0.027024175971746445
0.019835591316223145 0.03511429205536842
0.034379757940769196 0.021885808557271957
0.021888043731451035 0.02151569351553917
0.008904274553060532 0.038887035101652145
0.025032073259353638 0.03665333613753319
0.04374552518129349 0.006401653401553631
0.023394476622343063 0.03928365930914879
0.03379572182893753 0.015858907252550125
0.037768445909023285 0.02047603204846382
0.041486337780952454 0.012576575390994549
0.03861883282661438 0.024057652801275253
0.019263122230768204 0.021463673561811447
0.03967107832431793 0.021801751106977463
0.023964330554008484 0.036741532385349274
0.027661599218845367 0.010110962204635143
0.018553651869297028 0.03325650468468666
0.01955077052116394 0.01998310163617134
0.03660757839679718 -0.00615267176181078
0.019879542291164398 0.0015715835615992546
0.017106235027313232 0.01640869304537773
0.01593051105737686 0.01901574805378914
0.05085671693086624 0.008936221711337566
0.008128996938467026 -0.013240956701338291
0.05360948294401169 -0.012073089368641376
0.004596684128046036 0.030114956200122833
0.018559593707323074 -0.013930966146290302
0.04924655705690384 -0.0038312124088406563
0.005968786776065826 0.03678824380040169
0.0036017373204231262 0.01447294931858778
0.017601344734430313 0.020075935870409012
0.0030465610325336456 0.018963273614645004
0.021338045597076416 0.006132441572844982
0.004644446074962616 0.0721990168094635
0.01825171709060669 0.004130030982196331
0.02631087228655815 -0.012277592904865742
-0.02567671611905098 -0.008292791433632374
0.03408193588256836 -0.004142199642956257
0.0013419687747955322 -0.011844743974506855
0.006938248872756958 -0.031544629484415054
0.028551872819662094 -0.023982912302017212
0.04218714311718941 0.006004187278449535
0.05019749701023102 -0.0017599361017346382
0.010963886976242065 0.0369613952934742
0.04398122429847717 0.0336005724966526
0.038698241114616394 0.061297621577978134
0.021484307944774628 0.07027579843997955
0.045354463160037994 0.05767808482050896
0.033497780561447144 0.05988938733935356
0.04921157658100128 0.04726431146264076
0.05282909423112869 0.040251705795526505
0.04246554523706436 0.05213643237948418
0.05298159271478653 0.053691308945417404
0.045726560056209564 0.05218655988574028
0.04975663870573044 0.037735577672719955
0.05162415653467178 0.03819363936781883
0.04689931124448776 0.025621283799409866
0.028345294296741486 0.04220123216509819
0.05612131208181381 0.005164573900401592
0.03397579863667488 0.020030435174703598
0.02475074678659439 0.04489780589938164
0.03659987449645996 0.021234985440969467
0.02673403173685074 0.04123459383845329
0.02749987319111824 0.030866499990224838
0.021557845175266266 0.03806241974234581
0.025882352143526077 0.024251695722341537
0.04745962470769882 0.029825951904058456
0.05165393650531769 0.030330564826726913
0.04128466174006462 0.016203340142965317
0.05896412581205368 0.001120622269809246
0.029611270874738693 0.0257977657020092
0.04283620044589043 0.03604983910918236
0.034005798399448395 0.04372439906001091
0.04088502377271652 0.014306719414889812
0.05231412127614021 0.023962106555700302
0.04522363096475601 0.023180466145277023
0.035995002835989 0.03899755701422691
0.037172719836235046 0.035932864993810654
0.052090197801589966 0.013456116430461407
0.026358116418123245 0.035178568214178085
0.039438627660274506 0.024072613567113876
0.037697188556194305 0.028245147317647934
