0.030765898525714874 0.03209228813648224
0.03249528259038925 0.026427464559674263
0.026296459138393402 0.03337596356868744
0.02743241935968399 0.028057651594281197
0.034378863871097565 0.029285462573170662
0.033175028860569 0.03150084614753723
0.029920466244220734 0.030127661302685738
0.03343857079744339 0.03343929350376129
0.029809631407260895 0.03439176082611084
0.02790652960538864 0.022664161399006844
0.030372895300388336 0.029760437086224556
0.03091711550951004 0.03421659767627716
0.027709729969501495 0.029685484245419502
0.029349692165851593 0.027708040550351143
0.029671408236026764 0.029554443433880806
0.02886027842760086 0.031034337356686592
0.029774166643619537 0.030265795066952705
0.029620803892612457 0.03240776062011719
0.033330999314785004 0.03652702271938324
0.029098592698574066 0.031116889789700508
0.029883138835430145 0.03047381527721882
0.029394052922725677 0.035551369190216064
0.02216898649930954 0.032147184014320374
0.028464220464229584 0.02989782579243183
0.025742508471012115 0.026204096153378487
0.02934882789850235 0.03559434413909912
0.0283539816737175 0.02275608666241169
0.03298565000295639 0.03297626972198486
0.027882836759090424 0.030525999143719673
0.03220605105161667 0.031225325539708138
0.032297469675540924 0.02761116810142994
0.028594709932804108 0.02747325785458088
0.025538049638271332 0.0332367867231369
0.029908157885074615 0.03348451852798462
0.026769258081912994 0.02612774260342121
0.02781888097524643 0.03167359530925751
0.03134804219007492 0.023661630228161812
0.026825375854969025 0.03328223526477814
0.0231621190905571 0.025390328839421272
0.027308650314807892 0.0311641413718462
0.032391734421253204 0.03163596987724304
0.023575909435749054 0.031766265630722046
0.02120579034090042 0.031293049454689026
0.03247801214456558 0.0313219279050827
0.029090560972690582 0.029831649735569954
0.03261321038007736 0.028099553659558296
0.02741367369890213 0.03120213933289051
0.032363422214984894 0.026220353320240974
0.03647805005311966 0.028268935158848763
0.03489644080400467 0.02790561504662037
0.031166382133960724 0.027389781549572945
0.03433915227651596 0.02560708113014698
0.028983406722545624 0.03320034593343735
0.02756088227033615 0.029554517939686775
0.025653116405010223 0.02774837799370289
0.03346116095781326 0.02544546313583851
0.025930531322956085 0.03187958896160126
0.03478134423494339 0.02592918463051319
0.030521176755428314 0.027996720746159554
0.02316250652074814 0.028365464881062508
0.02917788177728653 0.02711583860218525
0.03486045449972153 0.028717564418911934
0.027680642902851105 0.028580622747540474
0.025672398507595062 0.030790390446782112
0.030140064656734467 0.030802177265286446
0.03380381315946579 0.031986065208911896
0.030951358377933502 0.021801726892590523
0.028873704373836517 0.026976602151989937
0.03292006999254227 0.028695376589894295
0.02438867837190628 0.033808350563049316
0.033546291291713715 0.030315952375531197
0.032321445643901825 0.03160814940929413
0.03751692920923233 0.02652241475880146
0.03888916224241257 0.033420369029045105
0.0274091437458992 0.020956607535481453
0.030968956649303436 0.029130222275853157
0.028373725712299347 0.025307895615696907
0.031281568109989166 0.02903147228062153
0.02426285296678543 0.029722901061177254
0.031664200127124786 0.029246749356389046
0.027634628117084503 0.027587609365582466
0.03165494650602341 0.030983613803982735
0.026122309267520905 0.02694346196949482
0.027633406221866608 0.030210347846150398
0.0305636003613472 0.027420567348599434
0.029505915939807892 0.028007598593831062
0.030187435448169708 0.026581542566418648
0.029720135033130646 0.02467505820095539
0.03338439017534256 0.029360385611653328
0.030925355851650238 0.026985468342900276
0.026405952870845795 0.030143724754452705
0.02907680720090866 0.02823972888290882
0.026287071406841278 0.032233282923698425
0.0292193666100502 0.025966273620724678
0.025324158370494843 0.029284434393048286
0.030831001698970795 0.030032502487301826
0.03597932308912277 0.02934223599731922
0.031533755362033844 0.03740060329437256
0.02577691525220871 0.02748868055641651
0.026297949254512787 0.031606972217559814
0.031224988400936127 0.029787825420498848
0.026013366878032684 0.0288411695510149
0.02886221557855606 0.023682938888669014
0.027767948806285858 0.03292718529701233
0.026853494346141815 0.02792211063206196
0.028848089277744293 0.029196472838521004
0.026276491582393646 0.031062619760632515
0.029226042330265045 0.030635731294751167
0.029604069888591766 0.027843402698636055
0.03206653147935867 0.027560623362660408
0.030348457396030426 0.03122161515057087
0.032890863716602325 0.04014924168586731
0.029203586280345917 0.029828326776623726
0.028714589774608612 0.027181031182408333
0.02935800701379776 0.02449090965092182
0.03482934087514877 0.035043150186538696
0.025500811636447906 0.03133319318294525
0.027618564665317535 0.028187887743115425
0.028735898435115814 0.022317873314023018
0.025304429233074188 0.0344817191362381
0.03249747306108475 0.034780800342559814
0.029730968177318573 0.03560066223144531
0.023880325257778168 0.023258956149220467
0.025665439665317535 0.03092060424387455
0.02490546554327011 0.02973477728664875
0.02776477485895157 0.023790152743458748
0.02893158048391342 0.024624036625027657
0.02891325205564499 0.022667618468403816
0.027914412319660187 0.024250807240605354
0.027566201984882355 0.033818989992141724
0.02726723998785019 0.024072246626019478
0.03304358571767807 0.027221934869885445
0.025791235268115997 0.03185907006263733
0.03274626284837723 0.030172811821103096
0.03037438541650772 0.019853370264172554
0.030181951820850372 0.03149211406707764
0.03448321670293808 0.028369905427098274
0.03401549905538559 0.03833271563053131
0.020799465477466583 0.0372752845287323
0.030182190239429474 0.03037712164223194
0.026572175323963165 0.033571988344192505
0.029919736087322235 0.026943640783429146
0.031564198434352875 0.029823141172528267
0.032511018216609955 0.034596025943756104
0.028715290129184723 0.026302697136998177
0.03357519954442978 0.027056755498051643
0.030192218720912933 0.02642645128071308
0.029133610427379608 0.024898754432797432
0.030898310244083405 0.03402112424373627
0.029958240687847137 0.02843991108238697
0.03356318920850754 0.029448287561535835
0.028263278305530548 0.032667890191078186
0.029674015939235687 0.031459808349609375
0.027042441070079803 0.02482694573700428
0.029177434742450714 0.02959260530769825
0.030865930020809174 0.03246772289276123
0.033114202320575714 0.022474663332104683
0.037466712296009064 0.03216277062892914
0.02826165407896042 0.035094648599624634
0.03222595900297165 0.03058690018951893
0.024493508040905 0.030177684500813484
0.03309880942106247 0.02568701095879078
0.032102204859256744 0.024231882765889168
0.03269822150468826 0.03057432360947132
0.02888839691877365 0.025835366919636726
0.033026136457920074 0.030098633840680122
0.02519618719816208 0.024937065318226814
0.02567315846681595 0.03070434369146824
0.027528204023838043 0.02404518611729145
0.03920891135931015 0.021868126466870308
0.028949566185474396 0.027604596689343452
0.028349466621875763 0.027710946276783943
0.03218408674001694 0.021569283679127693
0.03124193102121353 0.026525871828198433
0.028859369456768036 0.033373311161994934
0.033496879041194916 0.02666318602859974
0.034789927303791046 0.026554690673947334
0.03038150817155838 0.029937760904431343
0.02871961146593094 0.03054163046181202
0.02379877120256424 0.02658321149647236
0.02915813773870468 0.02064959891140461
0.028746478259563446 0.026110814884305
0.035112686455249786 0.02359865792095661
0.031932003796100616 0.025155114009976387
0.03158051520586014 0.03515847027301788
0.0344390794634819 0.022820966318249702
0.0336855873465538 0.03130576014518738
0.026346616446971893 0.022256972268223763
0.029970787465572357 0.028481872752308846
0.03400024026632309 0.03234502673149109
0.029517747461795807 0.029116662219166756
0.03114359825849533 0.02605004794895649
0.03477933257818222 0.029493840411305428
0.030096210539340973 0.033961132168769836
0.030883215367794037 0.03683896362781525
0.03462057560682297 0.03428143262863159
0.034029699862003326 0.03127177059650421
0.03343609720468521 0.02330680377781391
0.02692345529794693 0.033719271421432495
0.03337796777486801 0.03301596641540527
0.028897322714328766 0.028899746015667915
0.03267807513475418 0.02775767631828785
0.03151457756757736 0.03263203799724579
0.03111908584833145 0.025848092511296272
0.025004245340824127 0.026312457397580147
0.027626551687717438 0.02826242335140705
0.02939441055059433 0.025352494791150093
0.03057286888360977 0.02811002917587757
0.0261424258351326 0.02839707024395466
0.03609061986207962 0.032180190086364746
0.03146495670080185 0.0343819260597229
0.03729172796010971 0.02749537117779255
0.02959839254617691 0.028875039890408516
0.03541428595781326 0.02781236357986927
0.030218608677387238 0.026911558583378792
0.03653045743703842 0.02734472043812275
0.03551856428384781 0.024756642058491707
0.038842447102069855 0.03070087917149067
0.02917378395795822 0.027865083888173103
0.02184591442346573 0.029677914455533028
0.03361070901155472 0.03510892391204834
0.02934173494577408 0.026675255969166756
0.03912629932165146 0.029126347973942757
0.028848253190517426 0.03169061243534088
0.029786236584186554 0.030704231932759285
0.03456365317106247 0.02907554991543293
0.03395435959100723 0.026449384167790413
0.02941388636827469 0.03342382609844208
0.033994801342487335 0.030887799337506294
0.03466726094484329 0.0337279811501503
0.02586378902196884 0.027573497965931892
0.024613119661808014 0.023336561396718025
0.030043788254261017 0.03229224681854248
0.0256335511803627 0.03057056851685047
0.027731604874134064 0.030014531686902046
0.03243056684732437 0.026675598695874214
0.027041174471378326 0.03008189983665943
0.031558625400066376 0.022435741499066353
0.033226363360881805 0.03150056302547455
0.031538404524326324 0.03064042516052723
0.03347659856081009 0.030349241569638252
0.033432312309741974 0.026333170011639595
0.0321744903922081 0.024765240028500557
0.031317465007305145 0.028737815096974373
0.027143575251102448 0.025109322741627693
0.033611707389354706 0.02832888253033161
0.034520186483860016 0.029920028522610664
0.024831391870975494 0.0324956476688385
0.03153357654809952 0.02661776728928089
0.029402874410152435 0.032738178968429565
0.02482665330171585 0.029219569638371468
0.027180947363376617 0.03538887947797775
0.031673841178417206 0.026684867218136787
0.028756164014339447 0.022978724911808968
0.0275845006108284 0.02774822898209095
0.02869374305009842 0.02503781206905842
0.0282474085688591 0.028811277821660042
0.027686886489391327 0.024913834407925606
0.029782690107822418 0.024309175089001656
0.03036024421453476 0.027293087914586067
0.02838369458913803 0.03582538664340973
0.031047247350215912 0.026978598907589912
0.03135211020708084 0.027757572010159492
0.030752383172512054 0.032099589705467224
0.03383181244134903 0.027994351461529732
0.028547562658786774 0.026304813101887703
0.034678034484386444 0.024821432307362556
0.03340228646993637 0.03272257745265961
0.03381482511758804 0.03409137576818466
0.028450675308704376 0.03336721658706665
0.027861855924129486 0.03390532732009888
0.03266591578722 0.031718894839286804
0.03083660453557968 0.03073316253721714
0.03448040038347244 0.033617302775382996
0.02742668241262436 0.031908705830574036
0.029949553310871124 0.030863361433148384
0.030374981462955475 0.02589072473347187
0.02801624685525894 0.03063357062637806
0.03421781212091446 0.03542603552341461
0.03226032108068466 0.027379842475056648
0.02896379679441452 0.028383346274495125
0.03150118142366409 0.025590108707547188
0.03220009058713913 0.03033583052456379
0.02828110009431839 0.02808152325451374
0.02999318391084671 0.02868358977138996
0.027932144701480865 0.026549281552433968
0.0314478799700737 0.026072131469845772
0.0308220311999321 0.030521439388394356
0.03291565924882889 0.030046256259083748
0.03311026841402054 0.03266462683677673
0.03213734179735184 0.029119031503796577
0.03222701698541641 0.03571067750453949
0.026437215507030487 0.029608430340886116
0.02818865329027176 0.03371962904930115
0.029155127704143524 0.027886824682354927
0.03506997972726822 0.03397271782159805
0.03157968074083328 0.023457007482647896
0.02642042189836502 0.030160920694470406
0.03254318982362747 0.022224025800824165
0.03332691639661789 0.024967046454548836
0.026006288826465607 0.027559997513890266
0.029406361281871796 0.03158581256866455
0.03426714986562729 0.03269098699092865
0.03534200042486191 0.029890717938542366
0.026434876024723053 0.02832666225731373
0.03091002255678177 0.03418406844139099
0.03142974525690079 0.029931174591183662
0.02315380424261093 0.02969512529671192
0.03730713576078415 0.03171584755182266
0.02943088859319687 0.02611693926155567
0.03157579153776169 0.028414355590939522
0.03342709690332413 0.021367238834500313
0.03523809462785721 0.028929846361279488
0.034906379878520966 0.02290646918118
0.03248896449804306 0.0234499741345644
0.029186658561229706 0.026997031643986702
0.032472990453243256 0.029577525332570076
0.025052733719348907 0.024429025128483772
0.032912589609622955 0.03237760066986084
0.03239466995000839 0.026188047602772713
0.0266435369849205 0.02753491885960102
0.03218958526849747 0.026581021025776863
0.03142891079187393 0.0325053334236145
0.03252396732568741 0.02976854331791401
0.034811340272426605 0.02955976314842701
0.02558993548154831 0.03244282305240631
0.0365336611866951 0.022052766755223274
0.025821499526500702 0.031091975048184395
0.03070542961359024 0.034091874957084656
0.030191831290721893 0.028011025860905647
0.030836261808872223 0.02674555964767933
0.033659808337688446 0.031271740794181824
0.03093229979276657 0.027690457180142403
0.03292941302061081 0.026176484301686287
0.024105556309223175 0.022602366283535957
0.028233878314495087 0.028904573991894722
0.028356559574604034 0.029003368690609932
0.030731864273548126 0.026712017133831978
0.029972665011882782 0.026807712391018867
0.028866417706012726 0.03524547815322876
0.03637631982564926 0.027978481724858284
0.029931508004665375 0.02858641929924488
0.03269331902265549 0.026804285123944283
0.030379988253116608 0.028643356636166573
0.024214304983615875 0.03126852214336395
0.0333544984459877 0.028387801721692085
0.03626859933137894 0.020088227465748787
0.03495170921087265 0.028591888025403023
0.028789587318897247 0.030676694586873055
0.026354558765888214 0.026661353185772896
0.032548703253269196 0.03166384994983673
0.02339848130941391 0.026881279423832893
0.03359184414148331 0.0264123547822237
0.03233429044485092 0.03078416921198368
0.026160188019275665 0.026259886100888252
0.030383549630641937 0.028014840558171272
0.03435354679822922 0.028653623536229134
0.027791626751422882 0.033701762557029724
0.034604512155056 0.029672564938664436
0.03095405548810959 0.021666275337338448
0.03265329450368881 0.028424086049199104
0.027239449322223663 0.02647833712399006
0.02854413539171219 0.02712993510067463
0.03715283423662186 0.023739831522107124
0.02867039293050766 0.022819729521870613
0.03593821078538895 0.027988435700535774
0.030390076339244843 0.021892623975872993
0.028146617114543915 0.03472217917442322
0.03182452172040939 0.03343997895717621
0.03470245748758316 0.025118978694081306
0.02875586599111557 0.026001201942563057
0.03396036475896835 0.029368581250309944
0.025073803961277008 0.026263462379574776
0.03659025579690933 0.032367318868637085
0.024935714900493622 0.03266051411628723
0.02839530259370804 0.02999068982899189
0.03187995404005051 0.02924286015331745
0.0295918807387352 0.031251147389411926
0.026717551052570343 0.03150340914726257
0.029619090259075165 0.03340132534503937
0.03474079817533493 0.0336126834154129
0.030856959521770477 0.029663430526852608
0.03153335303068161 0.035855427384376526
0.029376722872257233 0.030670838430523872
0.035055480897426605 0.02940271981060505
0.027493946254253387 0.028491975739598274
0.0326954647898674 0.02618892677128315
0.032441265881061554 0.033409640192985535
0.02887219935655594 0.03344146907329559
0.02862066775560379 0.03375212848186493
0.02810651808977127 0.028711708262562752
0.03000088781118393 0.027347328141331673
0.035538144409656525 0.02786165662109852
0.030213214457035065 0.024372296407818794
0.031879402697086334 0.02918259985744953
0.029275961220264435 0.034263163805007935
0.023958958685398102 0.031220318749547005
0.029920868575572968 0.03521612286567688
0.03049153834581375 0.025174619629979134
0.03856971114873886 0.031994931399822235
0.026076413691043854 0.03436046838760376
0.03240969032049179 0.026874886825680733
0.03181559592485428 0.028564678505063057
0.030062995851039886 0.03427893668413162
0.03157079964876175 0.03080138750374317
0.0275767520070076 0.024141522124409676
0.0327308252453804 0.03275437653064728
0.03613593429327011 0.02971077151596546
0.02853987365961075 0.024765821173787117
0.035334087908267975 0.03035992570221424
0.03462139517068863 0.025790514424443245
0.036850668489933014 0.027425723150372505
0.03328045457601547 0.026601718738675117
0.03369062393903732 0.029026778414845467
0.029733262956142426 0.026146920397877693
0.03285297006368637 0.024591730907559395
0.03013624995946884 0.02924099750816822
0.030415378510951996 0.03175261616706848
0.031760238111019135 0.028384001925587654
0.028798364102840424 0.03153201937675476
0.02654194086790085 0.031779855489730835
0.035842932760715485 0.026923591271042824
0.02985701709985733 0.03506433963775635
0.025828100740909576 0.03190892934799194
0.02865730971097946 0.03191247582435608
0.026690177619457245 0.02994515188038349
0.030208148062229156 0.03047897107899189
0.027354471385478973 0.033529892563819885
0.029858849942684174 0.032802194356918335
0.03383506089448929 0.03277978301048279
0.02937101572751999 0.02762235887348652
0.030554451048374176 0.02876448817551136
0.03050210326910019 0.03245481848716736
0.02636081725358963 0.03069116361439228
0.027355335652828217 0.02829890139400959
0.02964966744184494 0.030569659546017647
0.025528140366077423 0.024718375876545906
0.026227496564388275 0.029286297038197517
0.025216080248355865 0.03419753164052963
0.03204365819692612 0.036320269107818604
0.02746502310037613 0.025057228282094002
0.027200646698474884 0.028516264632344246
0.03106292337179184 0.029423462226986885
0.02778933197259903 0.026645319536328316
0.032212428748607635 0.0317874401807785
0.02439727634191513 0.023608194664120674
0.024584271013736725 0.023957299068570137
0.03209187835454941 0.02156190760433674
0.03303449600934982 0.025248007848858833
0.028441883623600006 0.030124710872769356
0.037473373115062714 0.0239917803555727
0.03286834806203842 0.029709534719586372
0.0319766029715538 0.030982064083218575
0.028307266533374786 0.024540292099118233
0.0262894406914711 0.03041224367916584
0.0324944332242012 0.034549012780189514
0.023338980972766876 0.031098121777176857
0.027442388236522675 0.030837805941700935
0.02626558393239975 0.03450407087802887
0.025365076959133148 0.031752586364746094
0.028492294251918793 0.02830498106777668
0.025429897010326385 0.028373898938298225
0.03428203612565994 0.024780752137303352
0.03231488913297653 0.028976278379559517
0.024227909743785858 0.027024732902646065
0.030807621777057648 0.03502431511878967
0.030191950500011444 0.02870713360607624
0.02863193303346634 0.028075488284230232
0.03132239729166031 0.033407196402549744
0.025771625339984894 0.027982356026768684
0.02682129293680191 0.025664763525128365
0.03163943439722061 0.02708141691982746
0.028762929141521454 0.025853978469967842
0.03243335336446762 0.027183013036847115
0.03069934993982315 0.02218291349709034
0.031566403806209564 0.02850222773849964
0.03168760985136032 0.028600456193089485
0.02684774249792099 0.026612328365445137
0.023222319781780243 0.02850477583706379
0.03039691597223282 0.03204089403152466
0.03200037032365799 0.024161474779248238
0.03251122683286667 0.027138473466038704
0.0269816592335701 0.02548416145145893
0.03184127062559128 0.023501412943005562
0.03479371219873428 0.029243336990475655
0.028292439877986908 0.02849421091377735
0.03406817466020584 0.03313712775707245
0.032878778874874115 0.0275410283356905
0.0370514914393425 0.027883725240826607
0.022233419120311737 0.02865167148411274
0.023833833634853363 0.026393534615635872
0.03278786689043045 0.027058036997914314
0.02894923835992813 0.029497282579541206
0.032805927097797394 0.03629623353481293
0.03559798747301102 0.02765585668385029
0.025731898844242096 0.022384898737072945
0.028399713337421417 0.031713083386421204
0.02688402682542801 0.03330637514591217
0.0324225053191185 0.026429029181599617
0.03640451282262802 0.03350001573562622
0.026039980351924896 0.0356002151966095
0.02855014055967331 0.029392587020993233
0.028682507574558258 0.0339750200510025
0.029910273849964142 0.028878765180706978
0.026951409876346588 0.03435724973678589
0.03327857702970505 0.030636148527264595
0.028997652232646942 0.029494227841496468
0.030406571924686432 0.03422313928604126
0.035896338522434235 0.024971650913357735
0.02445865422487259 0.03140728175640106
0.02857791632413864 0.03199164569377899
0.03046945482492447 0.029060455039143562
0.032227642834186554 0.03073570318520069
0.027486436069011688 0.029136838391423225
0.02511698752641678 0.030136721208691597
0.029188670217990875 0.025165067985653877
0.027811743319034576 0.03826195001602173
0.022865228354930878 0.03120678849518299
0.02800299972295761 0.029767410829663277
0.03158199042081833 0.028732316568493843
0.02796299010515213 0.031039075925946236
0.0277373269200325 0.029821278527379036
0.03166840225458145 0.028211699798703194
0.03259783238172531 0.03731018304824829
0.02527298778295517 0.0271491426974535
0.03529442101716995 0.019823553040623665
0.02727382630109787 0.03162272274494171
0.021755002439022064 0.02970855124294758
0.03241360932588577 0.0317755788564682
0.029056496918201447 0.028249086812138557
0.027926765382289886 0.027878256514668465
0.030636079609394073 0.023860322311520576
0.0311601385474205 0.027715759351849556
0.02918795496225357 0.020745428279042244
0.023743964731693268 0.030225636437535286
0.02564021199941635 0.02650650031864643
0.02629784494638443 0.027836309745907784
0.025788061320781708 0.029163451865315437
0.02880365401506424 0.018954085186123848
0.025143705308437347 0.0313233882188797
0.030642233788967133 0.021854864433407784
0.021161891520023346 0.027193503454327583
0.02237742394208908 0.027994709089398384
0.02648022025823593 0.03277565538883209
0.026317693293094635 0.02356197126209736
0.025939278304576874 0.030767591670155525
0.03548451513051987 0.026185886934399605
0.03573096543550491 0.02720813639461994
0.023559294641017914 0.029300393536686897
0.036608584225177765 0.02683200128376484
0.034585483372211456 0.027796851471066475
0.03196791559457779 0.03227955102920532
0.02938167005777359 0.03422953188419342
0.031868405640125275 0.026675747707486153
0.030256755650043488 0.026018233969807625
0.02634730190038681 0.029608743265271187
0.02726735919713974 0.025451721623539925
0.02846711128950119 0.03449562191963196
0.027895845472812653 0.028732972219586372
0.020930565893650055 0.027700023725628853
0.030968300998210907 0.03016035445034504
0.03190400451421738 0.028722139075398445
0.0310828760266304 0.029302271082997322
0.027990497648715973 0.03078259713947773
0.025561966001987457 0.02858203835785389
0.02987045794725418 0.024304451420903206
0.02795245498418808 0.03044995851814747
0.02469148486852646 0.031955085694789886
0.02930455654859543 0.02771824784576893
0.03061635047197342 0.026416363194584846
0.03255216032266617 0.02642560936510563
0.03411441296339035 0.02513742633163929
0.02967003732919693 0.02722458727657795
0.029297538101673126 0.028431134298443794
0.03377515822649002 0.03261259198188782
0.0291038379073143 0.023479612544178963
0.03065074235200882 0.03491430729627609
0.028839536011219025 0.02643427439033985
0.03386620432138443 0.030544700101017952
0.025879688560962677 0.03322978317737579
0.02566704899072647 0.031453073024749756
0.025091104209423065 0.031168537214398384
0.027465708553791046 0.02245222218334675
0.028581760823726654 0.02564430423080921
0.03416510671377182 0.027706684544682503
0.030971743166446686 0.0278854388743639
0.028532899916172028 0.028961213305592537
0.0349874421954155 0.031129764392971992
0.03618396073579788 0.027477489784359932
0.031650565564632416 0.03140556812286377
0.02949649840593338 0.030674980953335762
0.037303753197193146 0.025709034875035286
0.030699647963047028 0.029056357219815254
0.029541559517383575 0.03252655267715454
0.028878457844257355 0.03059534914791584
0.027209244668483734 0.028714628890156746
0.025280945003032684 0.02897086925804615
0.023191146552562714 0.032380178570747375
0.029517509043216705 0.03144004940986633
0.03530212491750717 0.02484581060707569
0.027700580656528473 0.03355476260185242
0.030410297214984894 0.031316712498664856
0.0321047380566597 0.024929197505116463
0.027272991836071014 0.028144704177975655
0.03004356473684311 0.03149649500846863
0.030253760516643524 0.030711056664586067
0.030878834426403046 0.0292599368840456
0.031459562480449677 0.028682487085461617
0.03245384246110916 0.026833953335881233
0.03509090095758438 0.02874136157333851
0.03619075566530228 0.03004501946270466
0.028339900076389313 0.029553832486271858
0.03527722507715225 0.024728702381253242
0.029366709291934967 0.02469968982040882
0.032455332577228546 0.02993430383503437
0.031416155397892 0.027662264183163643
0.033214129507541656 0.030279161408543587
0.027680255472660065 0.03173801302909851
0.03268814831972122 0.03354157507419586
0.02867252379655838 0.03226460516452789
0.03299734741449356 0.0259211678057909
0.03250458091497421 0.03233076632022858
0.030355088412761688 0.03426817059516907
0.028647713363170624 0.03148217499256134
0.02563636749982834 0.028621943667531013
0.030801035463809967 0.025931434705853462
0.023580171167850494 0.028178485110402107
0.03131384402513504 0.027743862941861153
0.026498325169086456 0.032521285116672516
0.023887790739536285 0.031193571165204048
0.02817491441965103 0.03144936263561249
0.025917954742908478 0.03442490100860596
0.0328606441617012 0.029682161286473274
0.03627214580774307 0.028250189498066902
0.022994957864284515 0.02706913836300373
0.025622107088565826 0.028632210567593575
0.030961178243160248 0.03464539349079132
0.02697577327489853 0.028587939217686653
0.024803869426250458 0.02500331588089466
0.028380386531352997 0.027592571452260017
0.024141468107700348 0.028257789090275764
0.02578265219926834 0.03028819151222706
0.025611795485019684 0.03411836922168732
0.030426420271396637 0.032283246517181396
0.025800488889217377 0.029225843027234077
0.030435360968112946 0.021156014874577522
0.026033766567707062 0.03257894515991211
0.02310790866613388 0.0366491824388504
0.02589382976293564 0.024018483236432076
0.028805427253246307 0.0333867222070694
0.03196748346090317 0.023735420778393745
0.028315208852291107 0.025949524715542793
0.02594704180955887 0.02765822596848011
0.02236425131559372 0.029101433232426643
0.028253354132175446 0.02610248513519764
0.03168811649084091 0.02054399438202381
0.021262384951114655 0.03321053087711334
0.020746760070323944 0.02323371358215809
0.02562270313501358 0.031064452603459358
0.030139394104480743 0.02394762821495533
0.025695212185382843 0.025800975039601326
0.03163523226976395 0.030515925958752632
0.03169383853673935 0.03264161944389343
0.022409118711948395 0.032553866505622864
0.025814808905124664 0.023053528741002083
0.028358496725559235 0.026924820616841316
0.030608616769313812 0.025366665795445442
0.0319603756070137 0.02338285930454731
0.026738159358501434 0.02692061848938465
0.033919863402843475 0.026547731831669807
0.03447384387254715 0.026978062465786934
0.03478648513555527 0.026786478236317635
0.033364005386829376 0.023671211674809456
0.033769287168979645 0.02460484392940998
0.041540659964084625 0.017927901819348335
0.04118151217699051 0.02459036000072956
0.041136302053928375 0.021950947120785713
0.04499787837266922 0.016842247918248177
0.03809473663568497 0.02029191143810749
0.040364526212215424 0.01732821948826313
0.04070339351892471 0.021425800397992134
0.03516898304224014 0.02413030155003071
0.03643607348203659 0.02378992922604084
0.036567963659763336 0.01703350432217121
0.032073624432086945 0.022632913663983345
0.03141050785779953 0.02564835734665394
0.031145550310611725 0.02620542235672474
0.02706686407327652 0.026076244190335274
0.026662446558475494 0.026151450350880623
0.035268671810626984 0.026107268407940865
0.024106256663799286 0.03230665624141693
0.028965018689632416 0.024014966562390327
0.025811530649662018 0.030034231022000313
0.027595140039920807 0.02517305500805378
0.029738344252109528 0.028184907510876656
0.03220508247613907 0.019031675532460213
0.03487087041139603 0.02861197479069233
0.026235811412334442 0.02449926920235157
0.027906648814678192 0.02615124173462391
0.022916622459888458 0.028322609141469002
0.029936619102954865 0.028877781704068184
0.027268506586551666 0.03152577579021454
0.030547745525836945 0.02727554924786091
0.02509956806898117 0.03616110980510712
0.0258934423327446 0.030829625204205513
0.033542849123477936 0.030894922092556953
0.028214238584041595 0.03459937870502472
0.030619986355304718 0.032372623682022095
0.027859322726726532 0.031707048416137695
0.034570254385471344 0.02962842769920826
0.025245197117328644 0.02823449857532978
0.03021342307329178 0.02998446114361286
0.03266829997301102 0.026391150429844856
0.028515346348285675 0.027074160054326057
0.024967603385448456 0.03060789592564106
0.03245050460100174 0.02701921947300434
0.03162381798028946 0.03118339367210865
0.029178209602832794 0.030804159119725227
0.027633391320705414 0.029523776844143867
0.03158802539110184 0.029320256784558296
0.029881931841373444 0.023366110399365425
0.025266118347644806 0.03159688413143158
0.030541829764842987 0.027415530756115913
0.0354270413517952 0.024101467803120613
0.02924267202615738 0.022727983072400093
0.028936631977558136 0.02986443229019642
0.02551070600748062 0.030207129195332527
0.03108806163072586 0.031846240162849426
0.029913760721683502 0.028471561148762703
0.025215663015842438 0.030360685661435127
0.03292479366064072 0.03188779950141907
0.026007749140262604 0.02821006067097187
0.02732866257429123 0.030493753030896187
0.02515057474374771 0.029377015307545662
0.029773451387882233 0.029589520767331123
0.03170967847108841 0.0334787517786026
0.031403638422489166 0.03214485943317413
0.030392669141292572 0.021887408569455147
0.030582301318645477 0.03196345269680023
0.03210551291704178 0.022702636197209358
0.030342690646648407 0.031335800886154175
0.03457774966955185 0.027384864166378975
0.03500663489103317 0.028569014742970467
0.030301906168460846 0.033962734043598175
0.036689288914203644 0.03364275395870209
0.033861346542835236 0.033607348799705505
0.029055573046207428 0.024923505261540413
0.03196827322244644 0.025399433448910713
0.03125610202550888 0.023818926885724068
0.034737519919872284 0.024578334763646126
0.025285758078098297 0.02506980486214161
0.025399066507816315 0.03372053802013397
0.02735740691423416 0.02943517453968525
0.023627661168575287 0.031884416937828064
0.02767021209001541 0.02635549195110798
0.023652710020542145 0.028343604877591133
0.027271561324596405 0.029616283252835274
0.02735639363527298 0.034855589270591736
0.02503783255815506 0.025320904329419136
0.02733393758535385 0.03480728715658188
0.030204541981220245 0.027149559929966927
0.028416328132152557 0.02968488074839115
0.03599639981985092 0.02292110212147236
0.03206837922334671 0.026731567457318306
0.0285276398062706 0.027039574459195137
0.03048502653837204 0.028533408418297768
0.028091557323932648 0.02972126193344593
0.0401313379406929 0.028776558116078377
0.03144795447587967 0.028545277193188667
0.03161216527223587 0.026779981330037117
0.02883773297071457 0.026465075090527534
0.03174910694360733 0.030541809275746346
0.029413767158985138 0.027476267889142036
0.03276384621858597 0.030258851125836372
0.03353739529848099 0.03267678618431091
0.029387585818767548 0.032123640179634094
0.03402108699083328 0.028818072751164436
0.030332349240779877 0.029242785647511482
0.0319676473736763 0.030838461592793465
0.036715857684612274 0.025631370022892952
0.02162017673254013 0.02830761857330799
0.0295196995139122 0.030519114807248116
0.02605006843805313 0.030931876972317696
0.032607145607471466 0.02641420252621174
0.02688709646463394 0.026780622079968452
0.033470652997493744 0.03188373148441315
0.031813688576221466 0.028519945219159126
0.028598882257938385 0.030658142641186714
0.027696959674358368 0.029470371082425117
0.02907734364271164 0.0343172550201416
0.027064718306064606 0.027486460283398628
0.03112701326608658 0.0308836717158556
0.03410240262746811 0.03392355144023895
0.027130715548992157 0.0319598913192749
0.027256272733211517 0.027840586379170418
0.03243080526590347 0.02864583022892475
0.03407948464155197 0.03177304565906525
0.026255078613758087 0.03025795705616474
0.028359122574329376 0.028900163248181343
0.03216002136468887 0.02909991331398487
0.030769117176532745 0.03482896089553833
0.030570052564144135 0.028499098494648933
0.02905755490064621 0.026765765622258186
0.030783332884311676 0.03493671119213104
0.027707882225513458 0.029259132221341133
0.02721434086561203 0.033577725291252136
0.02844252437353134 0.029152708128094673
0.03153326362371445 0.033972859382629395
0.028980158269405365 0.028034718707203865
0.029664643108844757 0.024859266355633736
0.035797663033008575 0.027000101283192635
0.029556237161159515 0.02923058159649372
0.03647304326295853 0.026002125814557076
0.03411480039358139 0.030794696882367134
0.03489936143159866 0.029772626236081123
0.028184421360492706 0.029013441875576973
0.030472762882709503 0.028816940262913704
0.02833791822195053 0.02780015952885151
0.033191971480846405 0.03012015111744404
0.03221183270215988 0.030999885872006416
0.030976466834545135 0.03375750780105591
0.029240630567073822 0.03415067493915558
0.035955943167209625 0.02525589056313038
0.03175573796033859 0.029328862205147743
0.029702015221118927 0.029076935723423958
0.023585595190525055 0.02926787920296192
0.030693210661411285 0.027172164991497993
0.0384867861866951 0.0268003661185503
0.039908282458782196 0.02548195607960224
0.03451775759458542 0.024589063599705696
0.030853696167469025 0.0279682744294405
0.032245345413684845 0.02667875774204731
0.03659815341234207 0.030291439965367317
0.028776951134204865 0.02995924837887287
0.030434615910053253 0.032658547163009644
0.028096236288547516 0.02509552426636219
0.0329243466258049 0.026033135131001472
0.029440410435199738 0.025048213079571724
0.02727258950471878 0.035730741918087006
0.027098961174488068 0.03675461560487747
0.026360444724559784 0.02949783392250538
0.03186487406492233 0.023877324536442757
0.030040927231311798 0.031492918729782104
0.03260531276464462 0.029639573767781258
0.03168816119432449 0.028903665021061897
0.028023265302181244 0.026335151866078377
0.030965499579906464 0.02737155742943287
0.024418361485004425 0.033681973814964294
0.028301291167736053 0.029874177649617195
0.028684966266155243 0.03438985347747803
0.031494565308094025 0.03323367238044739
0.031145788729190826 0.030177677050232887
0.0283658429980278 0.029599161818623543
0.024852626025676727 0.03585858643054962
0.028883598744869232 0.03419162333011627
0.030489705502986908 0.03189463913440704
0.028961680829524994 0.0323559045791626
0.03275745362043381 0.027906807139515877
0.027642004191875458 0.033517949283123016
0.029692597687244415 0.031523704528808594
0.032267503440380096 0.03184106945991516
0.030397780239582062 0.027153508737683296
0.025548182427883148 0.033445969223976135
0.0350106880068779 0.028806405141949654
0.03775239735841751 0.032895445823669434
0.02877131849527359 0.031881436705589294
0.034681759774684906 0.025675462558865547
0.03164536505937576 0.028046132996678352
0.03373444825410843 0.030626730993390083
0.033909983932971954 0.03780205547809601
0.03434263914823532 0.03236209601163864
0.03803000599145889 0.03810187429189682
0.034549959003925323 0.03363253176212311
0.02957402914762497 0.032393887639045715
0.02802329510450363 0.033712238073349
0.030717499554157257 0.03135833144187927
0.030336178839206696 0.03625611960887909
0.03698576241731644 0.029954271391034126
0.024692796170711517 0.035358257591724396
0.03201059252023697 0.029342757537961006
0.02576351910829544 0.03334338963031769
0.03105022758245468 0.02809418924152851
0.0276360884308815 0.02456371672451496
0.03166470676660538 0.03865855932235718
0.026548825204372406 0.029405074194073677
0.030106566846370697 0.02931349165737629
0.028996117413043976 0.033640459179878235
0.030070669949054718 0.03149820864200592
0.027567721903324127 0.027733178809285164
0.02712186425924301 0.029308276250958443
0.026774965226650238 0.02989150770008564
0.029785342514514923 0.03291267156600952
0.028700776398181915 0.025386499240994453
0.027268610894680023 0.02621583826839924
0.025631554424762726 0.02959241159260273
0.023954741656780243 0.033130720257759094
0.03138648718595505 0.02975487895309925
0.030688472092151642 0.03193901479244232
0.03213430196046829 0.029200421646237373
0.029138870537281036 0.029320718720555305
0.029131315648555756 0.03434980660676956
0.02975892275571823 0.030484335497021675
0.02957027405500412 0.027642028406262398
0.02657134085893631 0.0315527617931366
0.030070103704929352 0.03141148388385773
0.027704395353794098 0.033778250217437744
0.029887326061725616 0.029627474024891853
0.029442287981510162 0.025413738563656807
0.029069535434246063 0.03195790946483612
0.02293146401643753 0.0315069705247879
0.028968967497348785 0.03153158724308014
0.030612848699092865 0.033499568700790405
0.03176150470972061 0.02087363786995411
0.029133163392543793 0.03463190793991089
0.03241053968667984 0.033929795026779175
0.022197864949703217 0.029347451403737068
0.03034215420484543 0.03154097497463226
0.03051752597093582 0.030089126899838448
0.029773183166980743 0.03267727792263031
0.0336393341422081 0.029347660019993782
0.03132835775613785 0.0295551884919405
0.02788732200860977 0.03020656295120716
0.029789932072162628 0.03092929907143116
0.025071360170841217 0.030238064005970955
0.028922520577907562 0.028677644208073616
0.030686862766742706 0.03483639657497406
0.029951252043247223 0.03376150131225586
0.029880382120609283 0.03572096675634384
0.03142283111810684 0.029834629967808723
0.029267124831676483 0.032450512051582336
0.027759380638599396 0.03420465439558029
0.02996533364057541 0.03155894577503204
0.027750052511692047 0.029058055952191353
0.027718164026737213 0.024043487384915352
0.028427936136722565 0.03243155777454376
0.029126353561878204 0.03864140063524246
0.027308963239192963 0.035182058811187744
0.02835065871477127 0.034176453948020935
0.025021947920322418 0.02970433421432972
0.03655973821878433 0.029813559725880623
0.02953169494867325 0.030432941392064095
0.025565899908542633 0.03059159405529499
0.025672562420368195 0.03151862323284149
0.030170582234859467 0.02964957244694233
0.03497224301099777 0.028406785801053047
0.033495984971523285 0.03030403144657612
0.03474795073270798 0.03408948332071304
0.027747444808483124 0.033511653542518616
0.025200046598911285 0.034018874168395996
0.027369298040866852 0.03639110177755356
0.02666366845369339 0.03054082579910755
0.026769615709781647 0.03076411969959736
0.026358477771282196 0.03303530812263489
0.03228908032178879 0.03318042308092117
0.033843301236629486 0.02642125077545643
0.03270172327756882 0.028598817065358162
0.03080705553293228 0.028871329501271248
0.029988907277584076 0.027152927592396736
0.02630629390478134 0.037947654724121094
0.02899051457643509 0.0342334508895874
0.03449080139398575 0.030428314581513405
0.02903219312429428 0.03501242399215698
0.031922586262226105 0.031339503824710846
0.026920147240161896 0.030386121943593025
0.029429994523525238 0.02612881548702717
0.023793764412403107 0.03187130391597748
0.0333501473069191 0.029402079060673714
0.028834514319896698 0.03484232723712921
0.028991498053073883 0.0349266454577446
0.027166076004505157 0.03299170732498169
0.02136252075433731 0.024991976097226143
0.026368997991085052 0.027183445170521736
0.03007366508245468 0.027358265593647957
0.03195106238126755 0.030169950798153877
0.0255495086312294 0.03052586503326893
0.02712658792734146 0.02423754520714283
0.02305050939321518 0.029849113896489143
0.0255378857254982 0.03114110417664051
0.02707856148481369 0.02965112216770649
0.028700880706310272 0.03319576382637024
0.024270154535770416 0.03325209021568298
0.0348733589053154 0.029551992192864418
0.02744356542825699 0.03164948523044586
0.029784105718135834 0.031011851504445076
0.02363669127225876 0.032286450266838074
0.030087076127529144 0.025759579613804817
0.028607837855815887 0.031411804258823395
0.02033684402704239 0.033523812890052795
0.02998129278421402 0.030563773587346077
0.026023052632808685 0.03184935450553894
0.023131437599658966 0.03504545986652374
0.03279653936624527 0.03596210479736328
0.030424363911151886 0.03259558230638504
0.034306950867176056 0.029926003888249397
0.0339706614613533 0.030952604487538338
0.03482850641012192 0.029626714065670967
0.03693818300962448 0.03070838935673237
0.03265523165464401 0.03188285976648331
0.029949747025966644 0.023714886978268623
0.02326514571905136 0.02964148111641407
0.0234486386179924 0.03563988208770752
0.03217064589262009 0.029908986762166023
0.02536027878522873 0.025027500465512276
0.03060334175825119 0.026584358885884285
0.02941156178712845 0.02946755476295948
0.02810109406709671 0.02939099259674549
0.03020022064447403 0.035525351762771606
0.03670019656419754 0.025219427421689034
0.0330454483628273 0.030605407431721687
0.02609778195619583 0.02700059302151203
0.026500768959522247 0.033425286412239075
0.030358843505382538 0.02955945022404194
0.031970031559467316 0.023120032623410225
0.027234293520450592 0.028882907703518867
0.026130564510822296 0.0327131450176239
0.022042788565158844 0.02888980694115162
0.035064004361629486 0.033916108310222626
0.029024414718151093 0.032884448766708374
0.026107631623744965 0.03358115255832672
0.032355181872844696 0.027130531147122383
0.027609921991825104 0.029288621619343758
0.03541795164346695 0.02231966145336628
0.027645699679851532 0.026501523330807686
0.025322578847408295 0.03166353702545166
0.03335089236497879 0.03542931377887726
0.028539694845676422 0.032035306096076965
0.029282741248607635 0.02458346076309681
0.023409463465213776 0.030893610790371895
0.02689824253320694 0.031172992661595345
0.02237502485513687 0.03058055229485035
0.028845466673374176 0.025641845539212227
0.031382299959659576 0.02203954942524433
0.02380523830652237 0.0265353936702013
0.029142029583454132 0.030162887647747993
0.029909245669841766 0.03228665888309479
0.0289580300450325 0.028639959171414375
0.029517807066440582 0.029693948104977608
0.03122655302286148 0.029495658352971077
0.02912916988134384 0.026081176474690437
0.02979268878698349 0.02421790547668934
0.02793162316083908 0.029089676216244698
0.03457111865282059 0.02970363385975361
0.03638363629579544 0.028052272275090218
0.033357031643390656 0.03357629477977753
0.03664400428533554 0.021236078813672066
0.03221418708562851 0.0319938063621521
0.03104715794324875 0.03146025538444519
0.028021641075611115 0.03238150477409363
0.031280480325222015 0.03393584489822388
0.03049582988023758 0.035259246826171875
0.030277155339717865 0.030697332695126534
0.027702696621418 0.03018406219780445
0.028070993721485138 0.02632342465221882
0.029968656599521637 0.03544141352176666
0.02780827134847641 0.03109327144920826
0.027004070580005646 0.026875751093029976
0.026483528316020966 0.03365904092788696
0.03290557116270065 0.023082809522747993
0.029371343553066254 0.028040634468197823
0.029720596969127655 0.028599010780453682
0.033888079226017 0.029639991000294685
0.034306176006793976 0.03297810256481171
0.02775873988866806 0.026725830510258675
0.0299382284283638 0.021704601123929024
0.037657730281353 0.025398509576916695
0.031173162162303925 0.032522231340408325
0.03392813354730606 0.03311857581138611
0.028019912540912628 0.028748290613293648
0.03225197643041611 0.026098759844899178
0.03401082009077072 0.028945045545697212
0.03087083250284195 0.024371163919568062
0.036531709134578705 0.029553087428212166
0.03366825729608536 0.025698484852910042
0.0338059738278389 0.03195820748806
0.0359048917889595 0.029361756518483162
0.02785094827413559 0.028850452974438667
0.033871062099933624 0.030780108645558357
0.02750956267118454 0.026708276942372322
0.03489343076944351 0.029385479167103767
0.025983847677707672 0.03152436017990112
0.030124567449092865 0.02669657953083515
0.03456447273492813 0.03198842704296112
0.027701862156391144 0.02970627136528492
0.02732498198747635 0.02430148608982563
0.03518877178430557 0.029282690957188606
0.03162003308534622 0.030339406803250313
0.03422068804502487 0.0297041404992342
0.03577052801847458 0.029715435579419136
0.03170428425073624 0.028815405443310738
0.033316679298877716 0.032730087637901306
0.03063080459833145 0.020742328837513924
0.02865222841501236 0.03004266507923603
0.030237354338169098 0.03372696042060852
0.028111286461353302 0.026820005849003792
0.02831321209669113 0.03272490203380585
0.025835178792476654 0.03123595006763935
0.030234001576900482 0.02690560556948185
0.02755115181207657 0.029962720349431038
0.028873421251773834 0.03153355419635773
0.03290726989507675 0.030278833582997322
0.028826110064983368 0.031063051894307137
0.028615884482860565 0.02999955601990223
0.028566785156726837 0.03044009394943714
0.028916873037815094 0.032765358686447144
0.028802476823329926 0.02494700439274311
0.02731449156999588 0.028661223128437996
0.03196857124567032 0.03938990831375122
0.029816336929798126 0.03211115300655365
0.030415214598178864 0.03060615248978138
0.02283596247434616 0.0329897403717041
0.030947275459766388 0.02914704568684101
0.031682468950748444 0.02985835261642933
0.029103092849254608 0.029342295601963997
0.027678199112415314 0.032705388963222504
0.03568030148744583 0.03138573467731476
0.03187515586614609 0.028165237978100777
0.027384556829929352 0.028299005702137947
0.02691671997308731 0.023814799264073372
0.03181617707014084 0.026093246415257454
0.034619130194187164 0.025681616738438606
0.031413666903972626 0.02174408920109272
0.03186661750078201 0.027750002220273018
0.030979909002780914 0.02762751467525959
0.03246604651212692 0.03159362077713013
0.029304228723049164 0.03261329233646393
0.033142782747745514 0.0295571256428957
0.02839735895395279 0.030175374820828438
0.030842699110507965 0.03670576214790344
0.03003307431936264 0.0351216197013855
0.030360601842403412 0.03687722980976105
0.035232387483119965 0.028762849047780037
0.03460570424795151 0.025022881105542183
0.031399570405483246 0.026729779317975044
0.03134161978960037 0.029091643169522285
0.03237488120794296 0.029405178502202034
0.03728107362985611 0.02724570222198963
0.03420812636613846 0.030404003337025642
0.037296317517757416 0.028638767078518867
0.030495740473270416 0.03033873625099659
0.03227294236421585 0.03394269943237305
0.03518620878458023 0.02676466293632984
0.03400450199842453 0.026258425787091255
0.030710525810718536 0.03707505762577057
0.03001789003610611 0.028989242389798164
0.03296739608049393 0.029246212914586067
0.032136984169483185 0.02707088179886341
0.02955765277147293 0.02780775912106037
0.03425397723913193 0.026130007579922676
0.03222150355577469 0.030621619895100594
0.028283007442951202 0.02942638285458088
0.030695490539073944 0.025447191670536995
0.02921409159898758 0.0317019522190094
0.03213740140199661 0.02486552484333515
0.02853039652109146 0.03142370283603668
0.03195749968290329 0.026905806735157967
0.03130023926496506 0.033013880252838135
0.027323924005031586 0.030336441472172737
0.02884172648191452 0.030113475397229195
0.03759915381669998 0.024771245196461678
0.031407929956912994 0.029332580044865608
0.03364507108926773 0.030714841559529305
0.03312983363866806 0.031180458143353462
0.02999570220708847 0.036325931549072266
0.03210742026567459 0.030503423884510994
0.031919173896312714 0.0331844761967659
0.03366675227880478 0.03227384388446808
0.02896890789270401 0.02975565381348133
0.033808790147304535 0.02931922860443592
0.02806345373392105 0.03181178867816925
0.02984900027513504 0.03228600323200226
0.030200399458408356 0.03169548511505127
0.03768462687730789 0.025561274960637093
0.03142263740301132 0.032517313957214355
0.03075883537530899 0.027458207681775093
0.025849230587482452 0.032878533005714417
0.024845637381076813 0.03463830053806305
0.035726241767406464 0.02929343469440937
0.03314901143312454 0.02759564109146595
0.02865416556596756 0.02933196909725666
0.028835393488407135 0.03659858554601669
0.02613317221403122 0.03453027456998825
0.027298904955387115 0.025581957772374153
0.0277799591422081 0.025720493867993355
0.03382018953561783 0.027016522362828255
0.03136848658323288 0.02701527066528797
0.02894500643014908 0.03333465754985809
0.028487376868724823 0.031442686915397644
0.026029326021671295 0.03193330019712448
0.02879265695810318 0.023164482787251472
0.028114698827266693 0.031479865312576294
0.026443220674991608 0.03002256341278553
0.02937714010477066 0.03240180015563965
0.026073165237903595 0.03599047660827637
0.024392984807491302 0.030905025079846382
0.025928355753421783 0.03507886826992035
0.028646163642406464 0.03506925702095032
0.02283402532339096 0.0357084721326828
0.032184191048145294 0.031684547662734985
0.03028344362974167 0.031385794281959534
0.025509484112262726 0.026071520522236824
