0.03840779885649681 0.026304420083761215
0.033173006027936935 0.04025224223732948
0.03372818976640701 0.0414590947329998
0.02159712091088295 0.05547887459397316
0.025387030094861984 0.03564102575182915
0.03324558958411217 0.046302925795316696
0.023020736873149872 0.0529833547770977
0.02960316836833954 0.04879283532500267
0.012621965259313583 0.046219777315855026
0.02001400664448738 0.04445640370249748
0.033532511442899704 0.02830035611987114
0.02767014503479004 0.037626367062330246
0.024216704070568085 0.04938001558184624
0.014598265290260315 0.0479901097714901
0.038039304316043854 0.040451254695653915
0.02665075659751892 0.040348511189222336
0.04183327779173851 0.032900478690862656
0.018441196531057358 0.050816651433706284
0.024597465991973877 0.03636835142970085
0.02469583973288536 0.046529386192560196
0.023221295326948166 0.05402062460780144
0.02055031806230545 0.04261766001582146
0.024500582367181778 0.050086017698049545
0.02926357463002205 0.039305251091718674
0.036009445786476135 0.0477481447160244
0.03561561554670334 0.043446581810712814
0.0250176340341568 0.053328629583120346
0.018165340647101402 0.05867118760943413
0.03030293807387352 0.03381868824362755
0.018062051385641098 0.04468211159110069
0.0382990837097168 0.04470395669341087
0.04003555327653885 0.03495454415678978
0.03555889427661896 0.049634795635938644
0.029227640479803085 0.05856597051024437
0.03738650679588318 0.028924282640218735
0.04123811796307564 0.021218713372945786
0.003903396427631378 0.05176353082060814
0.012606371194124222 0.04879651591181755
0.038652919232845306 0.046124380081892014
0.027543503791093826 0.05374469980597496
0.04122243821620941 0.04407351836562157
0.023862134665250778 0.05153682455420494
0.021338127553462982 0.043221887201070786
0.02802765741944313 0.051804374903440475
0.022820014506578445 0.03156852349638939
0.03128446266055107 0.03542837128043175
0.023367375135421753 0.04161558672785759
0.024255800992250443 0.04241753742098808
0.030650801956653595 0.04246654734015465
0.04648597911000252 0.029767628759145737
0.03226996958255768 0.043472032994031906
0.01787041872739792 0.025224681943655014
0.017771728336811066 0.05122038349509239
0.027412109076976776 0.059312041848897934
0.02738620713353157 0.03762948140501976
0.031940046697854996 0.047795187681913376
0.031897760927677155 0.06635604053735733
0.021447010338306427 0.033256109803915024
0.026013463735580444 0.061320047825574875
0.020093828439712524 0.05849265679717064
0.025878742337226868 0.053468089550733566
0.027709200978279114 0.0444847010076046
0.032454513013362885 0.04861604794859886
0.0265175923705101 0.04112448915839195
0.041033633053302765 0.03349366411566734
0.032165855169296265 0.052546869963407516
0.022379562258720398 0.044221486896276474
0.04209878668189049 0.04142531380057335
0.03374986723065376 0.04879271611571312
0.040799420326948166 0.03879858925938606
0.033790480345487595 0.05521492287516594
0.018012067303061485 0.040762048214673996
0.041425056755542755 0.04989161714911461
0.01969224400818348 0.04820207878947258
0.025525834411382675 0.048490699380636215
0.02427702024579048 0.05160839483141899
0.02001405507326126 0.05142742022871971
0.016192831099033356 0.07093394547700882
0.03141707554459572 0.03764485940337181
0.02615244686603546 0.04889250919222832
0.03582221642136574 0.04174194857478142
0.0159776471555233 0.058796968311071396
0.031661324203014374 0.04298345372080803
0.028517715632915497 0.044497858732938766
0.018696416169404984 0.059739451855421066
0.022546157240867615 0.05871012434363365
0.02457493543624878 0.04715445265173912
0.022591248154640198 0.0483049713075161
0.03392523154616356 0.049696918576955795
0.03520778566598892 0.041082125157117844
0.02872060239315033 0.05809561535716057
0.031852997839450836 0.033738669008016586
0.026698801666498184 0.048281166702508926
0.03178761526942253 0.04983467981219292
0.013969603925943375 0.060280438512563705
0.02919815480709076 0.05303047224879265
0.020874880254268646 0.06558608263731003
0.02435191720724106 0.054954107850790024
0.024994295090436935 0.03073592111468315
0.031743139028549194 0.04605768248438835
0.029697932302951813 0.039589282125234604
0.03598940372467041 0.04033666476607323
0.021044259890913963 0.0455942265689373
0.03476006165146828 0.046892013400793076
0.02575784921646118 0.05539926514029503
0.03689712658524513 0.046758439391851425
0.03558172285556793 0.042853739112615585
0.03024173527956009 0.04905254766345024
0.03292912244796753 0.03936540707945824
0.04343831166625023 0.029054399579763412
0.036063045263290405 0.03834792599081993
0.029602311551570892 0.035660695284605026
0.03419487550854683 0.03392229601740837
0.025061553344130516 0.041881900280714035
0.014178581535816193 0.05179500952363014
0.03986075893044472 0.04370657727122307
0.034145645797252655 0.03004186972975731
0.029306985437870026 0.043939556926488876
0.018946759402751923 0.05729275569319725
0.026467841118574142 0.0546928308904171
0.0317397378385067 0.03934791311621666
0.02425430342555046 0.03854578360915184
0.013137832283973694 0.046630095690488815
0.03433764725923538 0.04306719824671745
0.033338144421577454 0.04788818582892418
0.038706377148628235 0.04656806215643883
0.03214956820011139 0.04985642060637474
0.03241458535194397 0.051370810717344284
0.030687201768159866 0.04016388580203056
0.024819254875183105 0.0378277562558651
0.0364270880818367 0.04291432723402977
0.027706921100616455 0.04681747779250145
0.012124359607696533 0.05192507430911064
0.019389402121305466 0.053625937551259995
0.03965684026479721 0.04823065921664238
0.02323133498430252 0.046114664524793625
0.03787512332201004 0.048747893422842026
0.00988689810037613 0.06442403048276901
0.03338085487484932 0.031165730208158493
0.03199373185634613 0.04765613004565239
0.03466886281967163 0.0446806363761425
0.014219626784324646 0.06176423653960228
0.04033569246530533 0.03482097014784813
0.03247268497943878 0.05552905425429344
0.015655703842639923 0.058263149112463
0.03396134078502655 0.05567523464560509
0.021806903183460236 0.05639563128352165
0.04118400812149048 0.03298511728644371
0.03700073063373566 0.0477166585624218
0.03132397681474686 0.057564955204725266
0.03366073593497276 0.0440070740878582
0.011222749948501587 0.05284535512328148
0.03099922090768814 0.0495510958135128
0.022472254931926727 0.04852515086531639
0.03000890091061592 0.0689728632569313
0.029801657423377037 0.05132777616381645
0.04032778739929199 0.04791000112891197
0.017265252768993378 0.05904115363955498
0.023750893771648407 0.04664221033453941
0.023973967880010605 0.056884463876485825
0.030494578182697296 0.05201749876141548
0.02511347457766533 0.05273578688502312
0.03378559648990631 0.045591335743665695
0.018414847552776337 0.048705216497182846
0.024442795664072037 0.047924961894750595
0.03041582554578781 0.047149013727903366
0.018194489181041718 0.04245307669043541
0.028140751644968987 0.04688572511076927
0.020102955400943756 0.05485209450125694
0.027295157313346863 0.051855649799108505
0.03125393018126488 0.05250003561377525
0.023349054157733917 0.042984236031770706
0.04471702128648758 0.039137136191129684
0.04698619246482849 0.03409625217318535
0.03039264678955078 0.036143120378255844
0.03109963983297348 0.045632343739271164
0.03963785618543625 0.048790570348501205
0.03179413825273514 0.053648170083761215
0.025923721492290497 0.04837260767817497
0.029192212969064713 0.04864629730582237
0.03521586209535599 0.04065878316760063
0.03998381644487381 0.03462837263941765
0.03903289884328842 0.04561994597315788
0.03654460608959198 0.04797815904021263
0.022028833627700806 0.03925945237278938
0.04608730971813202 0.031122293323278427
0.014189090579748154 0.05354999378323555
0.029389839619398117 0.062201183289289474
0.03754928335547447 0.043525513261556625
0.016080157831311226 0.04622432217001915
0.03040892630815506 0.043747272342443466
0.02449631318449974 0.048737164586782455
0.027425643056631088 0.04750597104430199
0.034826040267944336 0.042190443724393845
0.03269686549901962 0.049606990069150925
0.02070755511522293 0.05537397786974907
0.014824669808149338 0.04795248433947563
0.03349805623292923 0.03903227671980858
0.03143610805273056 0.04661696031689644
0.019229166209697723 0.046380553394556046
0.025252752006053925 0.036854710429906845
0.0203811414539814 0.04516034945845604
0.025993846356868744 0.04525152966380119
0.034957535564899445 0.03521135076880455
0.024089112877845764 0.04480273649096489
0.02709566056728363 0.051199447363615036
0.03130645304918289 0.042209040373563766
0.03450935333967209 0.04437335953116417
0.029931485652923584 0.04693010076880455
0.02351836860179901 0.04807047173380852
0.027687497437000275 0.04189295694231987
0.020716797560453415 0.053865741938352585
0.023411676287651062 0.04558868333697319
0.024039573967456818 0.05195702239871025
0.014597926288843155 0.04981153830885887
0.01952817291021347 0.04817907139658928
0.035741087049245834 0.04471671208739281
0.03398487716913223 0.036010172218084335
0.028127331286668777 0.0489124171435833
0.030325939878821373 0.04575064405798912
0.038710352033376694 0.034117307513952255
0.02400892972946167 0.047354768961668015
0.03230554610490799 0.05065610632300377
0.016507215797901154 0.06026359274983406
0.0344657301902771 0.0301683209836483
0.03936264291405678 0.03302214667201042
0.01248030737042427 0.05216045305132866
0.0285564623773098 0.06103124842047691
0.029240481555461884 0.04743529483675957
0.043097738176584244 0.039240192621946335
0.012508079409599304 0.06033303961157799
0.0301067978143692 0.051976900547742844
0.019369542598724365 0.06164329871535301
0.03141670674085617 0.04473167285323143
0.028429225087165833 0.04900285229086876
0.02773929387331009 0.049799878150224686
0.023553837090730667 0.04538200423121452
0.03293135017156601 0.04696116968989372
0.038035258650779724 0.040124695748090744
0.031271032989025116 0.051748599857091904
0.02870938554406166 0.04497227445244789
0.01988038793206215 0.06171140447258949
0.03130215033888817 0.041333284229040146
0.034850407391786575 0.03653549775481224
0.035716164857149124 0.0419100783765316
0.03633423522114754 0.052720632404088974
0.026736166328191757 0.05659141764044762
0.03390388563275337 0.048362698405981064
0.041746243834495544 0.04681510850787163
0.028825927525758743 0.03527725860476494
0.025709811598062515 0.034982841461896896
0.030839281156659126 0.04659375920891762
0.03333291411399841 0.04165590927004814
0.011234361678361893 0.04693233594298363
0.02249857783317566 0.04720387980341911
0.027382545173168182 0.05237772688269615
0.032777946442365646 0.03793632611632347
0.03644657880067825 0.03851194307208061
0.04558529704809189 0.032623302191495895
0.032522182911634445 0.03708904609084129
0.03261987119913101 0.04349086806178093
0.025724750012159348 0.048470910638570786
0.01976967602968216 0.052586864680051804
0.027730867266654968 0.04575036093592644
0.029766365885734558 0.028305809944868088
0.030065543949604034 0.03850136324763298
0.02812200039625168 0.05294254049658775
0.026642464101314545 0.05663789436221123
0.029085900634527206 0.06403645128011703
0.026649154722690582 0.04737561568617821
0.018571406602859497 0.06713005155324936
0.03192312270402908 0.0435483418405056
0.01866767928004265 0.0398654006421566
0.02008049562573433 0.0541958324611187
0.03577703982591629 0.045567598193883896
0.036431655287742615 0.04451341554522514
0.022996358573436737 0.05625167116522789
0.0366557240486145 0.04798891767859459
0.0143534354865551 0.06193723902106285
0.030953507870435715 0.05321885272860527
0.017853453755378723 0.047625716775655746
0.03217450529336929 0.043050821870565414
0.03215644508600235 0.04777189716696739
0.023494578897953033 0.03741259500384331
0.03139788657426834 0.04002436622977257
0.03353969752788544 0.03945973142981529
0.018448486924171448 0.04144909605383873
0.02117101475596428 0.050252702087163925
0.020793849602341652 0.05589233711361885
0.025547556579113007 0.059369076043367386
0.030061796307563782 0.05244139954447746
0.025922566652297974 0.04056650027632713
0.022529970854520798 0.05730031803250313
0.030098937451839447 0.04669491574168205
0.03195272013545036 0.050717856734991074
0.043618641793727875 0.04471036419272423
0.02060791850090027 0.05237118527293205
0.0182245671749115 0.05939498171210289
0.023777373135089874 0.041437845677137375
0.04288918897509575 0.038926731795072556
0.019848905503749847 0.048953112214803696
0.034349847584962845 0.04299275204539299
0.028742089867591858 0.04601725563406944
0.032286908477544785 0.04778948053717613
0.03608749061822891 0.05480929836630821
0.029561489820480347 0.054663848131895065
0.03954707831144333 0.03516681119799614
0.025140095502138138 0.0647844448685646
0.032747041434049606 0.044484544545412064
0.02612318843603134 0.049448754638433456
0.022213302552700043 0.05001431331038475
0.04098474606871605 0.041752662509679794
0.03812166675925255 0.03812309727072716
0.04739833623170853 0.034587275236845016
0.0353987030684948 0.04469437524676323
0.010724395513534546 0.042024459689855576
0.00454321876168251 0.058890845626592636
0.020493049174547195 0.053650882095098495
0.029232699424028397 0.039444562047719955
0.0183347649872303 0.03702446445822716
0.017513606697320938 0.04755822941660881
0.03581389784812927 0.051269855350255966
0.015331503003835678 0.05653008446097374
0.03409026190638542 0.055948007851839066
0.019512921571731567 0.06505387276411057
0.034028518944978714 0.039212893694639206
0.026989510282874107 0.044801827520132065
0.03145254775881767 0.05489204451441765
0.0353490374982357 0.030883651226758957
0.027127228677272797 0.047137197107076645
0.02135460451245308 0.04596677049994469
0.020285271108150482 0.05564666911959648
0.02426125667989254 0.06222299858927727
0.04133337736129761 0.04303361102938652
0.023310039192438126 0.02993924543261528
0.03652837499976158 0.046624805778265
0.03362337127327919 0.037280332297086716
0.023951195180416107 0.04704050347208977
0.029219049960374832 0.03851046785712242
0.017440959811210632 0.044402461498975754
0.01263396069407463 0.04946204647421837
0.031093567609786987 0.04288480803370476
0.030899781733751297 0.03534488007426262
0.017779622226953506 0.045957859605550766
0.020391643047332764 0.047835808247327805
0.032034240663051605 0.025289442390203476
0.021563932299613953 0.06295152753591537
0.024520153179764748 0.0409003384411335
0.014224618673324585 0.05043010041117668
0.030319392681121826 0.03191928192973137
0.028188467025756836 0.041175778955221176
0.017572566866874695 0.044878747314214706
0.022058069705963135 0.03901379927992821
0.016932684928178787 0.042771633714437485
0.024603459984064102 0.04395684227347374
0.025615572929382324 0.03753587231040001
0.030529439449310303 0.05292930826544762
0.030129190534353256 0.021722760051488876
0.030884630978107452 0.04563210532069206
0.02255745232105255 0.05346306040883064
0.03806832805275917 0.02857683226466179
0.01708633080124855 0.061549361795186996
0.038107700645923615 0.03860064968466759
0.007139686495065689 0.06082276627421379
0.014622915536165237 0.057565461844205856
0.027158379554748535 0.04209774360060692
0.01975547894835472 0.06365203112363815
0.037456318736076355 0.02883937582373619
0.04484010487794876 0.04398156329989433
0.02478192374110222 0.0480961911380291
0.046670977026224136 0.03249461576342583
0.02080642804503441 0.05554857477545738
0.03304693475365639 0.037858787924051285
0.014673464000225067 0.061064090579748154
0.04209429398179054 0.04053675755858421
0.02887813001871109 0.04670398309826851
0.026094090193510056 0.043826546519994736
0.029078934341669083 0.03673265501856804
0.04025603085756302 0.029347922652959824
0.03557753190398216 0.04685152694582939
0.030383072793483734 0.0305594764649868
0.0411142073571682 0.01354427170008421
0.021724633872509003 0.047479625791311264
0.010251510888338089 0.05663764104247093
0.027290120720863342 0.046064432710409164
0.02780941128730774 0.04519602283835411
0.025654297322034836 0.05290549620985985
0.03608908876776695 0.0431634895503521
0.04209742695093155 0.03480830416083336
0.013394074514508247 0.05436311289668083
0.04163019359111786 0.0354783795773983
0.00935002975165844 0.04594121500849724
0.027394238859415054 0.02901388332247734
0.012433299794793129 0.05494428798556328
0.03972822055220604 0.023450400680303574
0.009330373257398605 0.058602478355169296
0.026372725144028664 0.04227384552359581
0.03012554906308651 0.029370587319135666
0.010979430750012398 0.054783012717962265
0.029220452532172203 0.05324104055762291
0.029024507850408554 0.04148240014910698
0.03406156599521637 0.020383771508932114
0.02475333958864212 0.0517011396586895
0.025402866303920746 0.03477531298995018
0.03265569359064102 0.03982376679778099
0.029880769550800323 0.04270496591925621
0.02443404123187065 0.05360407754778862
0.03484991192817688 0.03264312073588371
0.027982499450445175 0.039797570556402206
0.02590816468000412 0.03729129955172539
0.02988271787762642 0.03450193628668785
0.015766754746437073 0.03271549567580223
0.01592324674129486 0.054223593324422836
0.023462869226932526 0.03992628678679466
0.030324146151542664 0.03896242007613182
0.02133362740278244 0.045395608991384506
0.019505027681589127 0.046436335891485214
0.03241308778524399 0.05231316015124321
0.008258089423179626 0.04740401729941368
0.02400932088494301 0.045481424778699875
0.030111469328403473 0.05059897527098656
0.02168194204568863 0.041746120899915695
0.008916385471820831 0.06072615459561348
0.013862930238246918 0.051857154816389084
0.02898537553846836 0.05471033975481987
0.026017751544713974 0.0633760318160057
0.011455647647380829 0.06146755442023277
0.03411293774843216 0.05769161507487297
0.04398616403341293 0.05229606851935387
0.014646492898464203 0.05263267084956169
0.01767740026116371 0.04847210273146629
0.033390261232852936 0.0420793853700161
0.0391962043941021 0.04526887461543083
0.03577565401792526 0.03735596314072609
0.01880493015050888 0.05864913389086723
0.032306283712387085 0.043543290346860886
0.02783333882689476 0.048943500965833664
0.032695066183805466 0.046226706355810165
0.029879461973905563 0.05391649529337883
0.03713182359933853 0.03452831134200096
0.020671997219324112 0.0413406603038311
0.02190135233104229 0.0560646615922451
0.03456351161003113 0.051414694637060165
0.03568326681852341 0.029683347791433334
0.021584954112768173 0.04401455447077751
0.034515708684921265 0.035965051501989365
0.02851840853691101 0.0480932854115963
0.026544533669948578 0.05293334648013115
0.027548741549253464 0.055435772985219955
0.039542727172374725 0.03869118168950081
0.026147879660129547 0.038758452981710434
0.027188636362552643 0.05624214932322502
0.01027316227555275 0.054593104869127274
0.04076710343360901 0.040804605931043625
0.022568833082914352 0.062232907861471176
0.017620515078306198 0.05215511843562126
0.003705732524394989 0.07006634026765823
0.02238737791776657 0.0551593117415905
0.03624774515628815 0.03939120098948479
0.02826566994190216 0.049768295139074326
0.026706211268901825 0.04936878755688667
0.019887886941432953 0.04998801276087761
0.020063575357198715 0.04968314990401268
0.012305684387683868 0.04399671033024788
0.026328884065151215 0.047431837767362595
0.01634163409471512 0.05541504546999931
0.03181243687868118 0.04924006387591362
0.009832272306084633 0.061355795711278915
0.0177319198846817 0.047384705394506454
0.017348885536193848 0.05030996724963188
0.02548210695385933 0.05582722648978233
0.020406190305948257 0.04175124689936638
0.03335987403988838 0.05677185580134392
0.02646084874868393 0.045409511774778366
0.030188702046871185 0.04712783917784691
0.013903927057981491 0.04980983957648277
0.023668356239795685 0.04807273671030998
0.03603235259652138 0.030658479779958725
0.02342434972524643 0.04490470513701439
0.010020308196544647 0.04522966966032982
0.03146781027317047 0.03598390147089958
0.028910793364048004 0.043121587485075
0.02563941478729248 0.040889423340559006
0.03403252363204956 0.056941013783216476
0.010040447115898132 0.049786996096372604
0.02465321123600006 0.03962516412138939
0.03355364128947258 0.05325191840529442
0.037673451006412506 0.03815009817481041
0.022454652935266495 0.05334575101733208
0.02473513036966324 0.043900977820158005
0.04785941168665886 0.03647183999419212
0.026013478636741638 0.05146017298102379
0.036150917410850525 0.04866638407111168
0.015092991292476654 0.0670444443821907
0.02673480659723282 0.04191448912024498
0.019782841205596924 0.04779713973402977
0.03406025096774101 0.044797953218221664
0.04023231565952301 0.05066899582743645
0.030303772538900375 0.048537928611040115
0.025083504617214203 0.04030148312449455
0.03444347903132439 0.038567643612623215
0.025441695004701614 0.04417791590094566
0.02877383679151535 0.024952780455350876
0.024539947509765625 0.05260473117232323
0.026025831699371338 0.048807185143232346
0.033998433500528336 0.024051476269960403
0.027508199214935303 0.0421207956969738
0.01528562605381012 0.04419366642832756
0.0219852477312088 0.03821020945906639
0.02666015923023224 0.043134789913892746
0.025915730744600296 0.0467665009200573
0.028483420610427856 0.03520561382174492
0.024285197257995605 0.05699332430958748
0.028834983706474304 0.04560553655028343
0.038262542337179184 0.037293825298547745
0.03319831192493439 0.04250059649348259
0.02771594002842903 0.05451309308409691
0.018099218606948853 0.0304994098842144
0.04001155123114586 0.03818833455443382
0.02465275675058365 0.04599679633975029
0.03065565600991249 0.04291188344359398
0.03065967559814453 0.04189227148890495
0.040090739727020264 0.03773236647248268
0.03104253113269806 0.04603026434779167
0.024897221475839615 0.04821222648024559
0.029400980100035667 0.04315080866217613
0.02081741765141487 0.04620162770152092
0.02346980944275856 0.05454465374350548
0.03635343164205551 0.052008431404829025
0.02551031857728958 0.042823102325201035
0.026584096252918243 0.04550689086318016
0.02414720505475998 0.048962827771902084
0.03281218931078911 0.041528087109327316
0.011481810361146927 0.057500939816236496
0.03102310746908188 0.04219810292124748
0.02855050563812256 0.04436173662543297
0.029037538915872574 0.060652803629636765
0.0259353369474411 0.04541519656777382
0.022912144660949707 0.042434047907590866
0.028667055070400238 0.043077390640974045
0.04191240668296814 0.05425682291388512
0.020212866365909576 0.045200150460004807
0.01812475174665451 0.04948192462325096
0.023081373423337936 0.043795254081487656
0.02019696682691574 0.04449016973376274
0.02314220741391182 0.055575158447027206
0.014420956373214722 0.05187010392546654
0.023143865168094635 0.06391957402229309
0.03152184560894966 0.054948460310697556
0.02423069253563881 0.05017436668276787
0.029687240719795227 0.06080165132880211
0.028258292004466057 0.05801716074347496
0.029769062995910645 0.0414569191634655
0.028031233698129654 0.043076302856206894
0.030636977404356003 0.05310439690947533
0.02515779435634613 0.04012651368975639
0.03681649640202522 0.04488997533917427
0.03626492619514465 0.053146760910749435
0.026095647364854813 0.05292857810854912
0.02784331887960434 0.05271586403250694
0.032075539231300354 0.05379236862063408
0.03218157961964607 0.058578010648489
0.028483223170042038 0.04221661761403084
0.04566401615738869 0.04506921395659447
0.021771937608718872 0.04919400438666344
0.04835371673107147 0.03748461231589317
0.034879110753536224 0.047763925045728683
0.045336730778217316 0.019447218626737595
0.03968805819749832 0.03357548639178276
0.03635615110397339 0.03919089958071709
0.023646801710128784 0.049072008579969406
0.0405115932226181 0.03294080123305321
0.037102192640304565 0.03239120915532112
0.02707390859723091 0.048879753798246384
0.03281431645154953 0.0495881550014019
0.02484157308936119 0.04856936261057854
0.043814145028591156 0.04182232543826103
0.03199728578329086 0.049526456743478775
0.021869830787181854 0.05209582671523094
0.030942529439926147 0.04914795979857445
0.04784008860588074 0.05020482465624809
0.03601033613085747 0.048682671040296555
0.040405575186014175 0.03879119083285332
0.030325159430503845 0.0491059236228466
0.04247641563415527 0.05050760135054588
0.04721197113394737 0.03973906859755516
0.03128594160079956 0.04200374707579613
0.0304468534886837 0.04467977210879326
0.030269086360931396 0.0534292571246624
0.03257147967815399 0.0462026409804821
0.03241430222988129 0.046075012534856796
0.03434699773788452 0.04735865816473961
0.02674022689461708 0.05160726234316826
0.023371335119009018 0.049938853830099106
0.0324794165790081 0.043881114572286606
0.04247177392244339 0.03346839174628258
0.03233760595321655 0.04650197550654411
0.02402186393737793 0.05594548210501671
0.011296454817056656 0.05650941655039787
0.03423980250954628 0.04521338269114494
0.026763051748275757 0.03651213273406029
0.03069274127483368 0.04096720740199089
0.027516908943653107 0.036781322211027145
0.025663331151008606 0.04769440367817879
0.042693838477134705 0.04394909366965294
0.030699649825692177 0.054024722427129745
0.0308624729514122 0.04534066841006279
0.031446199864149094 0.042839277535676956
0.020573221147060394 0.05786919966340065
0.028758637607097626 0.043891292065382004
0.030877958983182907 0.04743192717432976
0.01353168860077858 0.04716106876730919
0.007314592599868774 0.05099334940314293
0.03671565651893616 0.03056461736559868
0.018781345337629318 0.04858731850981712
0.026911400258541107 0.04035019502043724
0.035711511969566345 0.042545389384031296
0.03634558245539665 0.04723597690463066
0.034650661051273346 0.04393688961863518
0.0273490808904171 0.04478674754500389
0.04080336540937424 0.03670718893408775
0.025871340185403824 0.045081328600645065
0.02820446901023388 0.037244539707899094
0.03243333846330643 0.0371645949780941
0.030931469053030014 0.03911813721060753
0.016612783074378967 0.051368970423936844
0.01771204173564911 0.04316994175314903
0.044031109660863876 0.03922354802489281
0.03640998154878616 0.02433621510863304
0.03910434618592262 0.031070362776517868
0.03898680955171585 0.039112817496061325
0.032051846385002136 0.05249139294028282
0.02304162085056305 0.04235818609595299
0.04744834825396538 0.050203632563352585
0.022059498354792595 0.05244531109929085
0.021768532693386078 0.04574645683169365
0.03155200928449631 0.06207987293601036
0.026129920035600662 0.052694473415613174
0.01847909763455391 0.04508976265788078
0.033724673092365265 0.04637005552649498
0.017985405400395393 0.048213642090559006
0.020513907074928284 0.0479128472507
0.02537081018090248 0.0530475489795208
0.023816855624318123 0.04647412523627281
0.04689792916178703 0.04028673097491264
0.0459565743803978 0.050138283520936966
0.018667345866560936 0.06047018989920616
0.013727724552154541 0.051250260323286057
0.029016952961683273 0.05231371149420738
0.02258661389350891 0.04703926667571068
0.026074770838022232 0.05607687309384346
0.02267051488161087 0.052847158163785934
0.03158518299460411 0.05094839259982109
0.02281063050031662 0.046448465436697006
0.01669345796108246 0.0506490133702755
0.018605658784508705 0.052826862782239914
0.021901875734329224 0.04776487872004509
0.018629631027579308 0.026833858340978622
0.027812305837869644 0.04773690924048424
0.018546316772699356 0.05687635764479637
0.025171609595417976 0.05428978428244591
0.031571611762046814 0.04254702851176262
0.021915234625339508 0.04982934519648552
0.03611162304878235 0.028983410447835922
0.020984001457691193 0.0503542385995388
0.018247904255986214 0.03369348868727684
0.025846179574728012 0.0323495976626873
0.02043314278125763 0.0452447347342968
0.02585437148809433 0.04421190544962883
0.022745318710803986 0.03447331115603447
0.020479146391153336 0.033090341836214066
0.03768147528171539 0.03521878644824028
0.025698862969875336 0.039992477744817734
0.03131113946437836 0.034094806760549545
0.04439506679773331 0.026441853493452072
0.015612144023180008 0.047246139496564865
0.019278258085250854 0.04115193709731102
0.014394713565707207 0.044540222734212875
0.01600189134478569 0.045304011553525925
0.01782825216650963 0.0570167638361454
0.026843272149562836 0.056386854499578476
0.02307368814945221 0.05381255969405174
0.015733331441879272 0.049043651670217514
0.05586175248026848 0.041254784911870956
0.012160759419202805 0.061948370188474655
0.02623269334435463 0.04608738049864769
0.019892778247594833 0.04624480381608009
0.018634196370840073 0.05303023383021355
0.035964518785476685 0.038431014865636826
0.0365571603178978 0.056052882224321365
0.037261009216308594 0.032245274633169174
0.022848546504974365 0.055496860295534134
0.026791401207447052 0.05463237687945366
0.028766516596078873 0.032722171396017075
0.034403637051582336 0.03355627879500389
0.022660642862319946 0.05071744695305824
0.018420863896608353 0.03274617716670036
0.025193043053150177 0.04851023480296135
0.01633310876786709 0.05676978453993797
0.023080386221408844 0.04253080114722252
0.02568303793668747 0.06029399856925011
0.01951347105205059 0.03030255064368248
0.02145775407552719 0.06685036420822144
0.019773654639720917 0.05545976385474205
0.011502392590045929 0.03793046250939369
0.0203997865319252 0.05182923004031181
0.01655348390340805 0.053457003086805344
0.0352933444082737 0.03840162977576256
0.030591420829296112 0.040225010365247726
0.02196308970451355 0.05012395605444908
0.035149842500686646 0.042458441108465195
0.03139686957001686 0.0407172255218029
0.02265997603535652 0.04450928047299385
0.033171646296978 0.03447781130671501
0.03400743752717972 0.03530515357851982
0.030955255031585693 0.04871072992682457
0.01878374256193638 0.05222098156809807
0.02368760108947754 0.04476816579699516
0.018052145838737488 0.04807122424244881
0.005102887749671936 0.04857484623789787
0.012040507048368454 0.054355207830667496
0.006909426301717758 0.05361340567469597
0.010032188147306442 0.054115187376737595
0.024041663855314255 0.031778331845998764
0.02829054743051529 0.04403136298060417
0.021994508802890778 0.06790098547935486
0.01625506579875946 0.04266366735100746
0.03458429127931595 0.05393112823367119
0.024117350578308105 0.05401041731238365
0.013338286429643631 0.04802117869257927
0.03198643773794174 0.04293536767363548
0.02787207067012787 0.05161821469664574
0.020712822675704956 0.042838599532842636
0.026161134243011475 0.04058689996600151
0.03692356497049332 0.05809236690402031
0.026254810392856598 0.05086107179522514
0.035512421280145645 0.04894403740763664
0.039060428738594055 0.041758161038160324
0.034824784845113754 0.04818977043032646
0.016242023557424545 0.038317155092954636
0.019492872059345245 0.04429496452212334
0.023398445919156075 0.04476521536707878
0.022570259869098663 0.04990404471755028
0.027590855956077576 0.05217146500945091
0.041406966745853424 0.04230564460158348
0.0325937494635582 0.05299543961882591
0.03729439526796341 0.052276965230703354
0.03261827304959297 0.04784953221678734
0.023425903171300888 0.04780678078532219
0.041963957250118256 0.04942133650183678
0.028809189796447754 0.0533013753592968
0.026590168476104736 0.05678926035761833
0.03048253059387207 0.05841813609004021
0.010866530239582062 0.05960546061396599
0.026635639369487762 0.05525070056319237
0.031192518770694733 0.04020431265234947
0.025809839367866516 0.06014932319521904
0.04432697221636772 0.0418056957423687
0.03206254169344902 0.040236394852399826
0.020785897970199585 0.06140917167067528
0.029293611645698547 0.05218273028731346
0.030069977045059204 0.04550563916563988
0.02419855445623398 0.054083552211523056
0.01860135793685913 0.044799696654081345
0.029572971165180206 0.042935457080602646
0.030936559662222862 0.04040728136897087
0.0346715971827507 0.049992334097623825
0.020577602088451385 0.06174831464886665
0.033302389085292816 0.05350318178534508
0.020546771585941315 0.04387706145644188
0.026682782918214798 0.05318191275000572
0.03790365159511566 0.0480998270213604
0.03278636187314987 0.04552517458796501
0.021479610353708267 0.04101184383034706
0.017955562099814415 0.04973278567194939
0.014425620436668396 0.055397387593984604
0.01433611661195755 0.05346077308058739
0.02469845861196518 0.04564030095934868
0.03112856298685074 0.05314775928854942
0.023799709975719452 0.06825747340917587
0.025004904717206955 0.04509199783205986
0.023114360868930817 0.05196734145283699
0.03691946715116501 0.043496694415807724
0.026235751807689667 0.048657532781362534
0.0355435386300087 0.04154739901423454
0.03414679318666458 0.05104516074061394
0.03797639161348343 0.05969249829649925
0.02615886926651001 0.04622986540198326
0.03945734351873398 0.04678865149617195
0.026159189641475677 0.05287439748644829
0.039759062230587006 0.04808713123202324
0.02051045000553131 0.05308420583605766
0.03516750782728195 0.04254020377993584
0.03498997539281845 0.05742558464407921
0.02843988686800003 0.053003694862127304
0.03315029293298721 0.04637714847922325
0.01307944767177105 0.0571410097181797
0.018426325172185898 0.05110367015004158
0.009725149720907211 0.05524953827261925
0.03118840977549553 0.058872539550065994
0.023022588342428207 0.05586370453238487
0.030877098441123962 0.045981716364622116
0.011872142553329468 0.05568542703986168
0.018591146916151047 0.04115193709731102
0.03244027495384216 0.0415634922683239
0.023113679140806198 0.04901226982474327
0.026823952794075012 0.048740725964307785
0.021693266928195953 0.038418959826231
0.01850774511694908 0.06427779048681259
0.02443879097700119 0.05321083590388298
0.028886809945106506 0.06013461574912071
0.026678286492824554 0.05493975803256035
0.032573677599430084 0.038798581808805466
0.025150775909423828 0.03920885547995567
0.04343491047620773 0.03869013115763664
0.044111501425504684 0.05257430300116539
0.03491967171430588 0.03911503776907921
0.022253695875406265 0.040106724947690964
0.03065897524356842 0.04506449028849602
0.012307561933994293 0.05491696670651436
0.022460632026195526 0.06262844055891037
0.04093461483716965 0.03207918629050255
0.028826184570789337 0.05151393637061119
0.020323507487773895 0.035437967628240585
0.03707000985741615 0.0467815138399601
0.02435968443751335 0.0412408821284771
0.03720054030418396 0.04503726586699486
0.03229769319295883 0.04469127580523491
0.02861207351088524 0.033556919544935226
0.007140755653381348 0.05238194391131401
0.0313299335539341 0.04026151821017265
0.03142496198415756 0.042342256754636765
0.03288598358631134 0.055659618228673935
0.024755001068115234 0.05806102976202965
0.025935115292668343 0.05460932478308678
0.045365288853645325 0.0391572080552578
0.04236920177936554 0.04851255938410759
0.02328760176897049 0.06636559218168259
0.006050661206245422 0.05161551758646965
0.029197916388511658 0.05720863863825798
0.028764519840478897 0.051434922963380814
0.01168525405228138 0.058867644518613815
0.0354524627327919 0.04562699422240257
0.010041523724794388 0.046882715076208115
0.022786710411310196 0.042087968438863754
0.01821015775203705 0.05045073851943016
0.025954805314540863 0.049321483820676804
0.018296409398317337 0.04879475012421608
0.013469155877828598 0.055188219994306564
0.010441027581691742 0.048631127923727036
0.019131485372781754 0.042547088116407394
0.03028557449579239 0.0358000211417675
0.034623630344867706 0.05382075533270836
0.012698862701654434 0.07101737707853317
0.03315488249063492 0.044919248670339584
0.03642509877681732 0.04710943624377251
0.047933947294950485 0.02833188697695732
0.03376508504152298 0.04640850052237511
0.02297969162464142 0.052950169891119
0.024145305156707764 0.052411217242479324
0.028389491140842438 0.046547334641218185
0.03149093687534332 0.04188057407736778
0.024997591972351074 0.05617022141814232
0.016501467674970627 0.045277100056409836
0.02403540164232254 0.05028675124049187
0.028884384781122208 0.04012962803244591
0.02367665246129036 0.03717614337801933
0.037486445158720016 0.04569539055228233
0.03542158752679825 0.030555512756109238
0.03991641476750374 0.04245833680033684
0.013904284685850143 0.0442872978746891
0.030987896025180817 0.042763885110616684
0.03921615332365036 0.03134141489863396
0.016910117119550705 0.04401809349656105
0.02251642942428589 0.039421793073415756
0.01919446885585785 0.0409572534263134
0.03302816301584244 0.04089946672320366
0.028036147356033325 0.04732440039515495
0.031225599348545074 0.040407028049230576
0.029343213886022568 0.03851122781634331
0.022937387228012085 0.042281609028577805
0.03545323759317398 0.0368487648665905
0.02751762419939041 0.032661665230989456
0.013496384024620056 0.04798641428351402
0.01186249777674675 0.03631920740008354
0.025431159883737564 0.04377667233347893
0.021113544702529907 0.0352494977414608
0.014205683022737503 0.04728000983595848
0.02573365718126297 0.04189052805304527
0.024710476398468018 0.05843449756503105
0.04326256737112999 0.040982913225889206
0.01959887519478798 0.04601169750094414
0.020914293825626373 0.043579455465078354
0.032771117985248566 0.048444997519254684
0.025171365588903427 0.054492708295583725
0.025803089141845703 0.054604750126600266
0.027107059955596924 0.038615208119153976
0.029001109302043915 0.05918770655989647
0.03723425418138504 0.04960043355822563
0.0329587459564209 0.041943732649087906
0.023700125515460968 0.04544201120734215
0.025884192436933517 0.05357178673148155
0.03376822918653488 0.04799125716090202
0.02954704314470291 0.0483427457511425
0.02922399900853634 0.04671608284115791
0.024050183594226837 0.03960351273417473
0.03177598863840103 0.05123671516776085
0.019365966320037842 0.04782422259449959
0.013967253267765045 0.052247729152441025
0.016242265701293945 0.043899860233068466
0.03418503701686859 0.04290622100234032
0.03280100226402283 0.03369415923953056
0.02641471102833748 0.03372448310256004
0.0273481085896492 0.041024696081876755
0.009812604635953903 0.0468454472720623
0.013674777001142502 0.04369735345244408
0.030769772827625275 0.041754115372896194
0.03044268488883972 0.046454962342977524
0.03349444642663002 0.026914384216070175
0.031428445130586624 0.0281381718814373
0.028697073459625244 0.03130749985575676
0.03057868406176567 0.04688488319516182
0.026525050401687622 0.03779074177145958
0.04097364470362663 0.0341094546020031
0.021236423403024673 0.045190464705228806
0.02706829458475113 0.04129409417510033
0.007920555770397186 0.06168195232748985
0.045062582939863205 0.03896279260516167
0.024214252829551697 0.03512200340628624
0.021957505494356155 0.04989124462008476
0.020824365317821503 0.04660743102431297
0.026209767907857895 0.04323246702551842
0.025579197332262993 0.052453745156526566
0.03591890260577202 0.03734095022082329
0.03656758740544319 0.04277222976088524
0.050764236599206924 0.02799738571047783
0.020778819918632507 0.04607478901743889
0.030204936861991882 0.027750473469495773
0.024642009288072586 0.05169565603137016
0.032646115869283676 0.01749872788786888
0.014311175793409348 0.04435360059142113
0.03429683670401573 0.03950301930308342
0.035677626729011536 0.045560386031866074
0.021958474069833755 0.04607666656374931
0.028004758059978485 0.037776824086904526
0.026760973036289215 0.03913329169154167
0.02642837166786194 0.0430946908891201
0.027303744107484818 0.041642140597105026
0.01973768323659897 0.045027028769254684
0.01545817218720913 0.039609070867300034
0.015240538865327835 0.0625891387462616
0.032453082501888275 0.04358440265059471
0.019870080053806305 0.04022061452269554
0.031062714755535126 0.05657118186354637
0.0132729671895504 0.0473567359149456
0.03527461737394333 0.043394383043050766
0.022532247006893158 0.04214119538664818
0.02366860955953598 0.047120045870542526
0.026558130979537964 0.041489917784929276
0.018573135137557983 0.05378256365656853
0.01667448878288269 0.05338751897215843
0.023725885897874832 0.03091607615351677
0.022077448666095734 0.0524350069463253
0.03351006656885147 0.04856940731406212
0.02890777587890625 0.05545886233448982
0.015391053631901741 0.055363770574331284
0.011412762105464935 0.05168275162577629
0.01716940850019455 0.0511963777244091
0.024183206260204315 0.0501994751393795
0.030057396739721298 0.04699051007628441
0.031408071517944336 0.042178016155958176
0.0175640806555748 0.04781871661543846
0.028455987572669983 0.0339067243039608
0.024349506944417953 0.03921648487448692
0.019174741581082344 0.04980219528079033
0.01565198227763176 0.04897229000926018
0.006988167762756348 0.04797300323843956
0.028779063373804092 0.03105124458670616
0.024019353091716766 0.04000099375844002
0.014799915254116058 0.04864570125937462
0.018429113551974297 0.04665165767073631
0.020199697464704514 0.05918643996119499
0.0194690078496933 0.04805290326476097
0.022738181054592133 0.04154035076498985
0.0034839510917663574 0.06547132879495621
0.014584926888346672 0.05232509598135948
0.024863652884960175 0.036306630820035934
0.03264360502362251 0.03846246376633644
0.03147716447710991 0.03190067037940025
0.037204109132289886 0.04082421585917473
0.01509103924036026 0.05485888943076134
0.02436346374452114 0.04397202655673027
0.02673422545194626 0.049270953983068466
0.04402673989534378 0.03640462085604668
0.026817653328180313 0.036110322922468185
0.027822963893413544 0.03927532956004143
0.011578291654586792 0.04193509742617607
0.022925134748220444 0.04292305186390877
0.020896853879094124 0.05688878521323204
0.011733144521713257 0.05677587911486626
0.02449987828731537 0.03670993074774742
0.02283269166946411 0.035240884870290756
0.01828647404909134 0.038608621805906296
0.017978806048631668 0.053545694798231125
0.013428356498479843 0.0392923466861248
0.004778236150741577 0.06041372939944267
0.004832431674003601 0.05742129310965538
0.03432392328977585 0.03232671692967415
0.021923262625932693 0.04427707567811012
0.02432999014854431 0.05476677045226097
0.03313931077718735 0.041986044496297836
0.02494499832391739 0.03565007075667381
0.02655792608857155 0.030274849385023117
0.01706507056951523 0.04337577149271965
0.01682589203119278 0.04072162136435509
0.030780214816331863 0.03668700531125069
0.015571888536214828 0.04073731228709221
0.01254480704665184 0.041154664009809494
0.025297503918409348 0.04612778499722481
0.0178757905960083 0.044790979474782944
0.024070575833320618 0.04118804261088371
0.030256669968366623 0.04519764706492424
0.012950485572218895 0.06053419038653374
0.026559263467788696 0.03497627004981041
0.012396570295095444 0.0562979094684124
0.013666030019521713 0.051792558282613754
0.01640261709690094 0.052076634019613266
0.012255322188138962 0.05011650547385216
0.021634995937347412 0.04980021342635155
0.019468437880277634 0.06378292292356491
0.03174611181020737 0.04033074900507927
0.01998446136713028 0.04487306997179985
0.01613256335258484 0.05953475460410118
0.024398066103458405 0.04848666116595268
0.01636149361729622 0.051645588129758835
0.026882492005825043 0.047637250274419785
0.017395824193954468 0.05091341957449913
0.01710580289363861 0.05299561843276024
0.010932475328445435 0.039214905351400375
0.01598069816827774 0.04176431521773338
0.016587581485509872 0.05954901501536369
0.01675357297062874 0.040564846247434616
0.009782589972019196 0.0475507490336895
0.03354433551430702 0.047976214438676834
0.02783995121717453 0.03780859336256981
0.017452187836170197 0.04354126378893852
0.03680283576250076 0.04114019498229027
0.019505005329847336 0.043831076472997665
0.025485415011644363 0.036162134259939194
0.024976618587970734 0.053865160793066025
0.034013424068689346 0.041987303644418716
0.013358615338802338 0.0589231513440609
0.023919783532619476 0.05214658007025719
0.030304279178380966 0.05709778144955635
0.023331046104431152 0.04292956367135048
0.025683239102363586 0.04465947672724724
0.0291631817817688 0.04222279414534569
0.02016764134168625 0.049665417522192
0.007528901100158691 0.05374700948596001
0.022901318967342377 0.0487210713326931
0.03101120889186859 0.04836365953087807
0.01486685499548912 0.0540764145553112
0.02234525978565216 0.05164157971739769
0.024683143943548203 0.05646003410220146
0.03074183128774166 0.046825211495161057
0.023563168942928314 0.044465046375989914
0.029104333370923996 0.04509764537215233
0.025725990533828735 0.04489218816161156
0.019431138411164284 0.0573580227792263
0.03376171737909317 0.0437585823237896
0.015493467450141907 0.047030072659254074
0.006466768682003021 0.04920361563563347
0.014857597649097443 0.05696931108832359
0.014753326773643494 0.05088771507143974
0.022932909429073334 0.047218333929777145
0.03402069956064224 0.04300978407263756
0.03771036118268967 0.046517591923475266
0.018857963383197784 0.047659095376729965
0.02344582974910736 0.04726388677954674
0.034102655947208405 0.05520028993487358
0.02456415444612503 0.04111182317137718
0.038970910012722015 0.04196410998702049
0.028956551104784012 0.04355083033442497
0.015067560598254204 0.06424685567617416
0.026304081082344055 0.042995523661375046
0.02249933034181595 0.05771317705512047
0.03160199150443077 0.046290989965200424
0.014857340604066849 0.055609699338674545
0.026609018445014954 0.04137976095080376
0.029602624475955963 0.045287515968084335
0.036248065531253815 0.0351141057908535
0.01664186269044876 0.05914117023348808
0.01950404979288578 0.0487481914460659
0.021572478115558624 0.057837311178445816
0.030029166489839554 0.046724092215299606
0.031774651259183884 0.046962346881628036
0.0266687273979187 0.05481169745326042
0.016771823167800903 0.040773700922727585
0.01992514729499817 0.049323152750730515
0.0256129652261734 0.05285673961043358
0.025386877357959747 0.05061517283320427
0.031782299280166626 0.046028923243284225
0.023186706006526947 0.042656879872083664
0.027872107923030853 0.03911259397864342
0.03780215233564377 0.042970892041921616
0.031911760568618774 0.042731720954179764
0.014830149710178375 0.04438826069235802
0.02365604043006897 0.041011761873960495
0.02547677978873253 0.051515620201826096
0.00945400819182396 0.0538267083466053
0.02862589806318283 0.05333670601248741
0.015542004257440567 0.061512719839811325
0.026035461574792862 0.0515950582921505
0.0167984738945961 0.057549234479665756
0.022358488291502 0.03579946979880333
0.010114118456840515 0.04454820975661278
0.028721682727336884 0.04430404677987099
0.026676997542381287 0.03424764797091484
0.008727498352527618 0.04637182876467705
0.03794195502996445 0.027875658124685287
0.028079163283109665 0.03039863333106041
0.030971046537160873 0.03645017370581627
0.020408205687999725 0.04870929196476936
0.037666596472263336 0.035378348082304
0.01741313561797142 0.03252854570746422
0.019717302173376083 0.03968137130141258
0.02532993257045746 0.041193898767232895
0.028277255594730377 0.04751455411314964
0.03020455315709114 0.034575965255498886
0.028017498552799225 0.030350130051374435
0.02338569611310959 0.042520176619291306
0.03413062542676926 0.046533506363630295
0.024243749678134918 0.048884253948926926
0.042850691825151443 0.04077744111418724
0.03386113792657852 0.04246557876467705
0.020496949553489685 0.06070875748991966
0.030966024845838547 0.03602565452456474
0.04083072021603584 0.03565835580229759
0.030003469437360764 0.05006531998515129
0.016566410660743713 0.03905777260661125
0.02206873521208763 0.04931655153632164
0.025261931121349335 0.03745662793517113
0.018276140093803406 0.05278025195002556
0.028008587658405304 0.045129451900720596
0.015200145542621613 0.030763592571020126
0.006813965737819672 0.05611511692404747
0.030117124319076538 0.038737114518880844
0.011724837124347687 0.03851519897580147
0.015916015952825546 0.04293368384242058
0.03573954105377197 0.04038401320576668
0.02059398591518402 0.04672437533736229
0.026707980781793594 0.0515059195458889
0.032893501222133636 0.04022940620779991
0.028645452111959457 0.054190363734960556
0.01954374462366104 0.04216073080897331
0.021315351128578186 0.05252314731478691
0.022281035780906677 0.0450737290084362
0.04225596413016319 0.0368087999522686
0.022364376112818718 0.04722258076071739
0.02823527157306671 0.042719196528196335
0.026622608304023743 0.05323510989546776
0.02509719505906105 0.036826591938734055
0.03929183632135391 0.04675981029868126
0.02590373530983925 0.06043672189116478
0.01581282913684845 0.04931224510073662
0.01602310687303543 0.04972630366683006
0.029331248253583908 0.03447830304503441
0.017182428389787674 0.05020400509238243
0.029836587607860565 0.0390358529984951
0.013675358146429062 0.040335413068532944
0.01985102891921997 0.05270129069685936
0.024663902819156647 0.038038577884435654
0.027197033166885376 0.04820641502737999
0.020029820501804352 0.05487338826060295
0.023610439151525497 0.05076053366065025
0.021268004551529884 0.061546165496110916
0.03227922320365906 0.045100267976522446
0.033178020268678665 0.03690468892455101
0.040991030633449554 0.048617299646139145
0.028942223638296127 0.0440671406686306
0.022043675184249878 0.04471094533801079
0.03300350904464722 0.03841595724225044
0.017239296808838844 0.04509247466921806
0.03152669221162796 0.045465897768735886
0.024452701210975647 0.029241394251585007
0.013598427176475525 0.050331782549619675
0.023011464625597 0.045696016401052475
0.03477267175912857 0.04786309227347374
0.007099829614162445 0.05718183144927025
0.02887558564543724 0.04448265954852104
0.029706105589866638 0.05282215401530266
0.029709119349718094 0.057349931448698044
0.03374369442462921 0.04807961359620094
0.019522912800312042 0.05005605146288872
0.027660127729177475 0.03764810785651207
0.035668957978487015 0.03334126994013786
0.023545559495687485 0.05004607513546944
0.028788164258003235 0.037588443607091904
0.02262498438358307 0.043033819645643234
0.016336191445589066 0.028316255658864975
